3861
22361
1940
21632
10966
11959
5083
16838
20718
1514
30733
1298
12201
1827
22116
5444
2481
13426
2693
31228
14455
28820
24324
15117
11732
2572
15403
25646
14577
31861
13303
28915
4708
23574
3940
13564
29595
8119
16618
5229
15742
15539
24648
8349
29264
18767
4992
27923
1750
6474
2339
12462
20156
2229
26574
1827
2100
26885
22261
26285
19168
17511
1247
7679
24050
27475
19954
28286
14738
100
26929
5805
14208
30311
15875
24808
14074
13490
18230
2646
14304
21943
10051
5657
12566
13272
20948
24775
9770
14461
28291
2078
16438
8548
22757
31475
28168
12345
25031
17772
20353
30823
13751
28015
28731
16173
3271
29530
5486
8692
1933
19189
8981
30432
23918
24741
23628
7077
16413
32482
765
9884
6238
10218
6843
11798
16
14263
21230
6640
7530
25135
23601
13159
17285
24988
11512
26414
31770
26971
31094
28094
24206
12504
25278
19950
22571
10938
8488
28099
18865
15450
11766
9609
7693
2426
12343
2338
15976
10292
12524
23455
1891
20784
23146
24845
9121
24602
18175
657
28551
14419
8920
30904
19007
25063
9506
28680
30723
29376
9328
23515
31128
6169
19037
27501
32024
21557
10866
21811
19445
17488
16458
27758
23099
726
6387
13569
23317
31187
11160
27007
32403
14762
9565
10121
15530
10251
11403
13911
20861
6943
24301
7060
20186
13573
3962
29295
26376
4994
1843
14575
21696
10228
19791
1926
1145
19336
14998
26346
25321
25517
23563
14368
29896
10953
26829
25305
7127
28970
20287
15874
11553
27199
7527
26263
15488
23048
18580
30904
16740
14027
6212
24318
30928
4873
14404
11279
10405
25520
13849
12912
10275
30354
28063
20123
20909
11542
10480
5970
16844
20269
30599
26674
1911
2696
166
31371
10642
29193
21748
111
9652
4471
875
30217
19501
26997
30065
7472
7496
26549
22085
22332
3021
12137
2461
20761
18634
17914
30094
13722
31891
30717
9131
23055
4360
2659
32113
6425
28950
3055
10211
20413
24961
23278
17009
12472
22240
13090
3358
25106
27881
22527
14818
6390
25326
12058
27981
10177
16808
24286
12910
12889
3636
17792
26099
31936
11867
23606
23697
2025
25110
23204
18599
28874
30289
11927
8990
17842
5360
7158
7059
17885
22032
6390
21432
16198
30351
14988
27127
32444
22478
17704
5977
1592
11445
13728
25767
32110
30712
22122
15055
4258
16281
13583
21128
12733
6575
3036
18233
28576
30309
29659
20759
22456
19269
29442
27278
5586
951
15017
25827
17969
23236
10818
12311
11742
544
27204
23054
19776
14952
13160
2289
236
16552
5656
29904
9406
13600
22052
9356
27945
24392
11960
29172
27339
29457
4747
6446
27717
15214
15448
22361
12873
19987
9106
23664
10741
11388
10580
5233
8543
30258
4503
3007
10865
4170
7335
29381
8183
26158
21720
1245
246
10144
25716
22128
5695
10235
2041
20062
5701
17084
28801
20128
15148
26946
10882
20524
32546
15826
23735
30232
29426
24542
29534
23555
25302
19847
2980
9137
15757
32352
13150
1525
29102
7029
20729
27348
13628
30860
18356
19687
27514
12970
11276
27649
7425
6105
7288
4882
13839
15401
4695
30027
32546
24565
16167
26243
966
2919
18935
29402
23467
830
287
6556
2554
31439
21550
12136
26345
10058
10788
11153
18318
6207
26594
25796
22512
31073
15070
235
23396
8585
31771
7250
18199
4862
16217
27656
27367
20723
25225
24457
7287
11857
12675
1433
6274
31159
29179
14451
3695
10943
27569
21795
2598
29828
16617
561
12323
24929
11035
18815
32712
23547
28651
2420
4088
18817
8795
346
31201
6450
1088
32005
26137
27936
7155
25526
28653
16436
21064
11839
21238
11635
11460
2151
5869
15487
30730
8591
11711
22369
30359
28822
14308
19845
26543
28411
25325
2054
31383
3905
5725
21293
517
29336
25274
24884
31701
8633
26340
27215
16637
19730
8101
3565
29123
22563
21896
22842
29230
13352
7407
5865
2746
19960
7264
19506
335
4909
3360
1814
15988
21125
10755
25066
21185
31624
130
24595
28818
363
22542
2063
11779
25909
9124
24245
8984
11040
12706
10173
14395
16194
3545
3970
14572
3436
18915
8711
32436
20563
8118
13112
18522
23533
8826
7283
4442
26398
29080
29511
32147
6292
8724
7548
11584
23280
21020
26195
3369
15398
6881
30990
30491
23590
21669
25779
13973
11964
24853
3342
17860
5300
28634
11509
22193
4163
29035
19920
31930
6306
11301
22616
2623
20732
10141
8862
30365
9866
25141
8015
24672
6653
1261
4663
32692
14364
2428
28165
7453
1454
1696
16206
24680
25242
5810
18644
3042
10317
3197
13575
30663
1884
27216
204
25085
26730
20306
894
26114
21581
20246
14386
12580
10092
26479
11328
18160
5227
2182
14079
27116
14859
25385
24271
31881
20555
29030
3933
28243
12500
27993
1314
2411
16019
10818
4653
13367
28840
986
8227
31576
1151
22504
4996
30684
6972
15887
29743
26037
18013
29162
32553
32362
18330
9051
1434
27661
2064
8479
15640
26733
2719
4518
25896
23692
23953
11810
26114
5204
20348
13279
19605
23173
27497
32722
18379
4338
53
2164
2830
6381
14136
10705
14859
8192
32293
30683
16822
9438
18481
2821
17038
18584
27256
31501
28706
16404
6044
31769
2516
31164
16047
20998
20701
19315
20819
3581
8081
15565
13599
19015
1508
16767
25669
22626
3886
30740
370
5460
5419
16610
25334
22591
17478
16701
22821
12086
13591
9962
13309
24143
16170
16342
19465
21753
26882
14856
4740
3472
6493
8149
27842
2863
28090
25683
24268
27078
23065
5136
18763
13420
30210
32259
16039
30198
6856
26818
13167
14280
14095
10230
3580
25323
31628
9740
22865
14176
17676
13870
8006
19892
26552
17010
11750
22229
16279
10833
19477
3620
10836
25946
8566
4555
20034
15911
21899
5457
21149
14737
10782
8812
27923
32288
5344
23574
26754
20421
7249
30690
2308
29644
31711
24977
28969
4364
21330
15584
27779
24673
25959
14757
17256
16732
10683
28186
31731
1848
13803
11129
11340
4624
16890
201
16937
2128
19443
24567
25493
17514
7887
6440
19697
19146
16536
8270
20536
23563
3023
20729
22919
30571
30732
9329
7388
24956
21988
3585
20765
797
527
29077
7261
13481
21450
26760
5468
18798
19067
18615
32332
28513
16020
8666
7387
14095
6585
9492
21357
22487
23077
10952
24489
1111
25930
19119
25144
25380
28087
14887
5065
32702
28735
25806
19289
18371
3160
29520
14769
26722
15297
13437
32304
8211
11624
7327
30922
22661
18314
20234
32081
7384
5404
26100
19443
16397
8810
27783
29445
18363
3326
16181
32255
28419
19139
17996
5575
21957
27754
16074
30258
12308
24333
1394
23752
2536
28946
6175
21703
29459
7763
16729
1131
10103
26491
8742
24429
1909
14515
3618
25289
29865
9087
28114
15813
26324
28642
6966
3119
19737
18633
27805
1510
3949
1959
25021
18332
17481
25436
9987
6361
28321
1627
25384
21315
22554
20492
773
20254
23416
17775
30632
30991
13141
29955
6823
29989
8473
20966
11444
29465
38
19005
8818
6101
6483
7382
13192
8244
19100
12812
24563
8457
22296
31723
24480
2146
29483
8597
12346
17422
24828
31204
13633
12636
12585
6481
7772
14886
31674
30485
2032
17166
9556
28046
2545
20232
1199
6627
10488
31769
31818
24299
23958
15710
23646
3915
9705
30287
8464
735
21868
23365
24810
7004
5907
15162
32652
31795
21912
5840
30879
31160
32271
10389
22283
899
20673
17030
11370
3606
13367
9426
7356
16321
16021
12768
21084
25795
26922
9106
28211
28338
8772
9676
18475
797
12617
31280
5094
23919
8451
2348
15793
2070
9276
1079
5043
12517
10379
32087
3946
7351
2925
6119
21337
32342
9623
13975
12538
13467
8331
19124
19194
13270
19050
10410
10149
7791
23561
1479
18336
20686
25926
833
5334
25721
21405
27259
15796
28284
18166
32388
20633
32014
10433
1760
11144
6257
14661
30604
5153
19226
1845
23100
3023
29970
1413
23783
13378
28316
13179
10629
22560
15896
2825
27416
27639
25895
10586
9193
7031
2320
26027
14612
14046
31331
19036
22342
5299
24540
9287
5318
15287
2185
7248
29874
26905
10543
3901
12172
18153
2283
6089
25845
26319
24853
32499
6839
21757
29801
1692
11529
22370
8553
16977
5135
11552
29693
29286
8865
25153
31325
5444
8781
2981
24880
8963
28831
32575
6902
10044
415
23682
5795
11544
27548
30997
18828
12717
24616
1486
4231
4235
13924
32734
11342
7825
27262
16969
23845
26374
13943
19354
25021
16101
10282
3028
23895
8823
22666
20139
26924
4391
10283
5620
21773
23443
9476
30811
23367
6111
32115
22612
19401
12366
9345
1876
29321
16403
2920
10560
15651
12900
5202
27686
25539
22481
8804
26667
6470
26068
27387
15300
1692
5289
27701
14377
5489
20319
11444
12807
19980
10800
10398
19061
19575
4878
4072
17450
4320
28798
14805
14573
12095
8873
29113
17228
8761
6832
259
28817
17732
31809
6778
3826
14861
32104
2759
11272
15639
30887
21044
22403
11684
25928
2995
32283
19672
10738
17698
28874
30748
32123
11469
27704
25281
18941
14389
13431
4837
17964
10256
6384
9627
14566
3472
29853
7750
6924
13544
32377
17734
2961
6413
32309
22999
18896
17593
14637
6965
10787
17590
11162
27909
14513
3929
25097
6896
32391
1357
1804
32657
7403
28561
31023
4753
13036
7876
32045
8720
16702
4001
24676
15175
69
14534
8071
1644
23664
26041
26003
6614
3272
17196
30468
2146
30665
128
23880
12053
23152
10889
26228
1539
26005
9105
19766
30831
17787
23711
7434
2099
18342
13305
9905
16483
4844
7399
6368
15149
9679
29882
4405
16131
3850
10509
14702
14077
5226
4939
17629
2680
15327
11633
25111
6148
27347
1045
29933
22397
4026
2472
11421
26487
2539
12024
19017
2527
17326
25848
11175
21472
12950
27588
28155
5380
12817
4832
15682
14748
27709
20160
9136
11361
17661
18318
27997
31579
31565
17703
29756
17410
29906
7271
26700
10916
26549
422
26642
24838
22194
25730
32070
78
4972
14559
20941
14880
15108
20781
12519
9480
24809
11754
10410
10264
23538
26215
24495
18898
27050
3790
29451
26184
7147
16228
28800
4225
17582
8460
16629
8991
21537
8973
5924
17471
23802
15892
13971
24737
13067
26749
9925
25097
22551
8142
9905
9444
10981
11140
29811
28975
3218
32019
15682
31381
28715
20776
18850
11223
2172
30257
14810
16753
2082
23583
26281
30587
10216
20842
14901
20173
26448
4438
5444
11622
15215
1910
5294
24079
8190
27758
19219
13115
16047
8188
17097
20786
8381
25658
23576
25454
7879
24093
23466
16709
734
32578
15677
17865
4317
15594
7835
24301
26872
14403
22220
6121
30872
15337
3466
8927
28007
12972
26357
9662
24230
31636
6024
20071
8391
16162
29772
29198
30520
10713
21323
15331
6269
12285
20552
12018
14465
16027
18861
32584
3374
32201
10693
1624
315
2095
20523
22173
2373
15302
12163
12928
20258
2016
29543
27259
10098
23657
17060
26239
1398
7788
29095
24211
24870
17880
14642
1727
17277
2181
17748
12840
27928
13938
12439
12668
19199
11089
16251
28816
11715
31045
28707
5960
30409
12522
12879
12728
12261
27286
23434
9096
16682
29918
11173
27293
14593
19548
30051
29941
23161
16560
16246
3539
26078
27333
29098
9757
20365
22614
25185
31746
22790
4272
22591
26079
16451
22201
21542
17508
31049
19505
14181
24563
9724
23096
6700
13640
16439
784
26180
30047
10780
293
2556
15506
6313
22346
22375
17667
3212
13894
25540
6201
19769
23439
31550
1038
6713
19797
31958
22216
1733
6082
12957
9862
13203
28545
31270
10206
23280
23933
20795
22468
25359
22507
6863
31917
27297
27786
12340
17141
933
24617
4750
30846
4226
26475
20616
11163
30547
23751
29765
12588
8066
6098
3482
22026
28056
18881
11386
16293
12627
809
24497
16363
14842
18186
3029
8300
1261
20236
11898
10428
14976
25864
24998
25625
27913
30154
13189
27214
20024
16662
9821
12247
20135
19176
27843
8518
23474
29184
13840
3558
12169
20382
7951
9629
26499
17547
6904
3607
21686
22360
26786
21280
15044
18410
26612
13906
28919
31799
25501
8689
6545
10826
8964
17171
25437
25485
22658
3844
2442
25927
16336
14312
1465
21092
187
21666
10325
14965
10783
16373
2851
4599
22802
29417
4634
32728
24672
24177
28276
9271
1080
2122
22533
15468
7716
28454
28876
18504
15678
31242
1736
5277
5794
30453
10252
20225
23071
27842
15638
1744
16178
17487
7517
16240
24116
3295
21033
30681
10706
24509
31655
19284
7358
10019
3133
3970
28580
19545
19995
5025
27488
4385
26387
25867
11118
6227
20138
15615
25761
25029
27247
31652
1048
15725
17547
21579
14959
31178
4250
3829
18226
20863
29369
789
6295
23618
15584
12183
4972
1780
5747
5152
5966
22289
16915
12184
4892
32075
30138
18406
15787
31602
30983
24314
18107
24983
32214
30993
5162
26225
26388
6196
24424
24320
29138
4354
18219
22895
29847
7344
10596
24383
10491
19534
22897
8866
13169
16716
1684
6949
23909
20284
26276
21906
13703
27353
30978
31509
2662
2633
30159
21405
29504
23199
15708
18309
23320
28324
23522
9332
16906
19159
30068
10626
10460
29362
11825
7836
23253
23343
25278
31529
2514
26251
17652
24557
28822
19786
12501
26670
28514
6267
19909
5654
22213
4413
20471
24153
21686
18818
28197
5912
14304
8723
24452
19972
32061
29141
30199
18886
23526
12874
10370
15007
17194
21850
8706
24139
32477
10324
10268
6956
30194
26672
28276
22180
14157
27415
10783
2755
18642
805
31066
24354
27842
32365
29564
18702
20807
26685
29993
30441
24141
28580
31945
2766
5524
5938
11064
26740
14595
4607
15551
6741
11072
29166
3652
4623
15997
2867
701
18442
26005
12563
23787
32347
31575
12267
24900
10984
5153
10356
21553
19661
3506
12357
10361
12543
20793
23450
29181
27183
31665
5203
28839
32754
24689
25152
18333
6430
6655
2203
13498
9591
7462
7382
23614
19083
584
31384
31940
6106
30965
14594
8053
17978
6587
1334
6268
1658
2624
1562
27577
9030
10127
11609
27066
31306
10928
6571
6375
4251
31611
28247
16124
18002
9645
17398
7869
28026
9276
5753
15845
18476
30440
21613
18271
12792
13843
29566
23992
30855
6354
11834
29141
10111
8516
20248
29153
19367
25379
11449
25738
29004
6296
15213
17517
25059
31060
22521
12238
25839
2012
12184
16525
2085
18724
26943
8277
13006
6752
29733
11543
2158
6423
8067
16823
24227
20857
24472
30469
19023
9970
25585
28910
2041
11007
25319
3060
17265
22081
15977
32475
691
22480
26108
17573
14350
28369
6655
25281
16262
587
29748
24448
19318
27446
22908
31944
1146
9429
14562
2828
24715
22342
15323
26747
30060
28760
19404
120
19014
16028
4301
24395
27791
17087
19885
11798
19503
11030
15670
11018
8934
11643
21682
29146
27368
13144
4014
10352
10443
3073
10493
25568
3235
6471
25856
22938
11884
10826
20773
12515
27048
30862
7342
2182
7240
31569
28340
1222
19664
1308
23915
31128
31671
24473
27303
1295
9228
22948
10655
11800
12128
31652
29169
23399
24799
22044
17383
14001
31680
7805
16889
20508
10464
3647
25491
5620
24489
14383
17688
29855
22073
18443
14630
13011
15552
24652
32540
24070
18474
2627
17113
23334
20479
27751
18887
28555
903
15086
28953
22058
31281
5786
24912
13579
9013
19926
6916
1789
22649
13313
16609
19848
6322
778
17136
7971
11467
31549
20247
26023
15498
13660
10980
24836
5745
23282
23174
16946
12002
14564
14620
29291
6791
24649
26163
23192
2033
18811
11401
16137
31871
11630
17943
872
22658
2369
8527
27376
26270
19
2979
10458
31348
3864
25926
21784
25213
18412
16950
6470
12601
1319
7290
10718
8586
19761
31656
24491
6746
22360
13739
1408
5508
26399
11459
11817
28146
29145
11981
9890
22787
17015
22981
22663
3887
3999
10633
12492
26605
14334
4832
24238
27860
6366
20410
32489
10241
13051
16570
1836
12730
4498
2033
1482
16720
10172
16621
2482
17738
6138
31218
18081
18111
6673
21127
18838
7172
29464
25396
20871
11912
13263
21131
8274
22523
12594
15205
22518
6838
27470
18542
14339
14679
22100
10468
20303
29099
14828
17051
30187
24274
6859
17733
9045
18077
25224
752
29935
22075
14763
12752
30896
4629
18440
31551
4122
31990
20299
31746
32620
14959
21459
6606
32024
12410
18372
21002
21879
27741
27735
26071
30396
20177
23925
1870
31015
17252
31621
27656
30587
1820
10114
26852
19377
16989
1360
31492
1006
31244
14416
25113
9139
7157
20018
12257
1363
10858
19466
28910
28587
19245
4518
21160
13325
15761
1823
27285
26749
31707
18607
728
4640
3054
17602
4088
21489
17192
80
13283
30134
391
30057
29235
22323
10256
16402
31151
9117
20081
3407
10005
22865
31717
129
9495
31174
26456
754
19875
30144
716
12719
12391
10695
22011
23958
25237
32472
27709
20911
31715
858
22957
21440
25815
4179
7047
4891
23105
20188
22485
31163
18953
12755
16459
5007
27946
14287
7279
22
17151
2393
16125
8748
20926
18265
27273
548
20546
7630
26982
5654
7437
28354
23751
25722
9869
10622
1828
13558
10398
8698
5599
17269
25425
31895
11816
10617
12011
528
16670
29106
4401
28590
27446
2511
14307
6076
25313
1684
31879
26171
14953
28205
21863
7639
31004
31938
22493
24857
20397
5963
12238
23517
27607
24742
12405
8455
12099
9446
25186
4210
19884
3823
12994
22825
5697
23616
10208
27610
27723
783
16108
29063
13071
32411
22268
6783
12534
13758
19792
22925
11755
12225
11994
24431
20741
2933
8957
27273
358
27775
29590
16091
20067
21236
22073
23089
8933
4390
23229
14489
18446
21437
8954
15642
31520
28681
18385
4771
6811
27798
3949
6466
11942
30721
22729
13206
20656
16907
24690
2183
13911
27372
17039
3380
25481
31978
24094
27437
18409
9257
32128
5859
19316
6341
26680
10845
3684
28446
16880
22572
24660
17011
23228
2720
12966
28083
21667
828
2594
18063
16988
3688
13279
3796
9045
8038
16743
4088
24826
26759
4118
5362
12595
17311
24515
13903
558
32438
15523
11395
21344
24832
16489
7293
8134
31760
28338
4734
15729
7496
12449
7978
22081
29588
13254
19168
24049
15704
12357
21319
10579
4774
23092
26409
2781
8117
580
21637
6245
25486
10660
23775
32297
18185
3362
9179
786
8184
27540
27658
8762
29858
2934
5636
23979
4979
17364
5559
11882
21233
3179
20990
13748
3570
22795
8822
4999
12300
17471
24461
1636
26190
19760
14555
14420
18477
11463
17846
23849
3265
1554
1024
1542
8242
30185
14660
20001
11629
17873
27137
17608
28699
17952
23366
14498
25299
4962
21119
18488
7566
19196
1935
23475
30812
29455
32031
27623
18006
6559
13109
14993
15572
28405
26632
24541
23264
24385
23315
20780
25834
28548
18024
17683
18621
25005
583
6311
32177
25602
1775
6648
13602
20418
16564
23515
28450
15113
27218
30445
18283
25075
24961
23508
3735
11012
10697
6856
916
19144
4504
17491
16722
19126
11666
18260
13502
30554
7720
28746
12020
31156
21356
28111
26544
8155
17187
32355
1030
6373
17692
11115
30036
10251
2497
13689
17524
4873
24300
5582
7478
20420
14076
14622
11789
13615
9767
22419
12296
13167
18962
3604
11012
22334
20382
7366
18977
7309
2821
28371
21618
21613
22055
20331
7673
8751
10526
28681
1234
21450
8472
9208
20142
6526
26982
29973
31363
24759
15056
30166
23170
22068
25900
29835
2634
21352
5935
29668
5467
15137
22658
3252
25037
2407
27160
7412
13122
6823
192
26635
23065
28177
3574
3149
25316
26430
2815
29121
23068
21270
31285
5671
30740
13297
4767
23097
18732
6396
18884
13362
9799
1247
12225
27533
4479
10140
20890
16911
19223
28602
5582
11783
12976
13988
18222
2517
18624
3148
16878
23721
25665
26131
30461
8333
28838
13549
14738
10662
18451
9920
2824
4790
32205
5902
22763
21222
11504
29396
24915
24771
8032
5042
12656
1670
24833
22091
29287
19352
4907
28655
30812
5973
5208
18296
18384
28945
20512
21873
1326
344
19304
20350
672
14458
16598
8951
24615
15943
24968
727
29163
3864
3589
3285
24784
27151
7027
18896
14665
29855
30987
3440
23665
14158
18891
30987
1880
22457
18026
9669
25754
13273
31633
14844
23607
17030
14408
28131
5534
23865
16559
17260
24587
22294
6382
30060
29971
1322
31854
25082
18814
7153
21834
29719
24660
1563
18432
20629
21562
6287
10093
18993
2815
18353
25848
24835
18291
16864
20749
20760
3448
4931
16333
29789
3163
14022
26115
31678
868
14431
602
17296
21675
19606
9934
18220
14894
324
13921
30685
20769
27547
27407
31485
28549
30566
30723
4954
30716
15250
7179
14815
8156
30702
14410
10608
23426
8239
16173
25109
25833
6199
4000
26459
4219
1431
4225
15863
25638
23122
8276
27821
9395
31972
11577
1136
19795
12674
2332
29643
9595
10404
20012
10623
26866
22209
26510
19054
13865
31065
4690
32439
14026
27961
27302
6691
13971
14843
22857
9152
7269
30412
30019
203
31128
27762
11732
18131
9106
6285
20650
31004
2968
30236
16470
13634
18659
12100
28417
4894
2295
7245
29019
15341
23088
13294
15829
31919
1182
20682
27664
22478
25875
28730
2197
23040
32377
20045
20678
13934
13673
781
27413
28182
27130
1284
28531
1646
25559
13567
21515
4938
17557
22290
4657
6143
29763
7388
6037
969
15426
9484
22461
19818
1111
5156
4530
29204
26110
10878
7673
23433
2561
31628
22724
29057
1098
10851
31850
23116
8693
20347
21
11960
23978
27568
20154
9525
28202
3213
27215
30775
8999
1482
20280
3036
1113
25619
11266
5839
26318
32012
16723
21100
27778
16529
32289
30245
8751
12098
11299
548
12134
6719
16517
7473
19679
4144
9440
2519
29966
7049
3177
30402
758
13836
10601
11884
13122
5519
22253
27129
15250
13823
2750
19295
27667
17573
9107
17097
3922
20648
26502
25406
31826
25811
18117
27261
3804
28313
13962
44
31254
5718
14413
28722
10583
27864
24888
25698
9018
4638
30171
24921
8945
14687
28193
2729
23516
11855
30082
29239
7002
16285
15227
30433
15584
12992
10299
30308
9288
9459
18848
22141
12907
32126
3169
10575
26609
21816
5517
28933
10856
30538
20532
18104
24468
24373
867
26771
21254
22551
1110
29493
6640
8490
22762
19030
26936
15245
24145
29870
4555
17735
18441
28434
5940
1417
2831
15073
5229
3635
2384
11166
25333
5786
4448
14302
14370
29576
1646
20837
11449
20613
17528
2188
25276
3669
5307
32486
15747
27330
18030
27938
24590
21916
16303
16435
26010
5885
6846
4527
2162
10961
9065
32629
11016
30102
18631
9875
30532
13921
22313
17767
2076
23074
3662
18692
20837
5160
26582
18902
14825
24552
8697
15242
7097
20474
25209
21544
7877
20068
1493
28290
8617
12827
28352
27602
9418
19911
27089
22687
27554
23495
31100
22752
18520
27509
7745
8036
17812
13227
28451
29809
8849
28294
5724
4012
21876
8809
1615
18744
2012
31813
31422
26146
16826
7960
6717
1021
13923
3252
19431
26569
26595
3010
5455
13338
5268
12038
5306
19062
8944
25061
27531
23550
32676
7716
11518
27984
8677
12018
9497
20909
10759
9513
3040
24919
20044
24785
30921
28477
2554
21478
10863
16858
17072
25178
30346
4955
22521
862
30239
23808
20770
2014
16884
29124
7497
10826
21319
11328
6583
19356
23743
13261
21104
407
12195
7401
12551
23116
330
26844
3511
30947
9427
10395
22192
28568
3350
18156
16815
31492
10969
15819
15313
670
31560
15116
2985
641
23199
30787
22928
17008
28458
18913
4668
32279
16495
10655
22421
25235
20138
16416
29635
1333
15993
12753
652
14211
27865
13077
17629
23680
32593
10143
21158
9006
17517
20766
7915
19024
30830
20768
537
20852
16960
560
16022
15153
31916
27714
13211
17582
8143
22610
12870
13923
24267
18247
10475
12836
19900
20509
6316
8795
9198
10563
2377
11925
28237
24898
28473
22848
17948
2720
14329
10930
24554
24324
28836
3438
1730
7578
15044
16291
22435
10425
871
32246
20783
9924
12406
19329
2983
10830
14403
31516
11543
9601
22369
24027
28110
11456
22712
15064
16657
19595
9176
29746
30225
30371
1422
32085
25882
19055
26293
1660
32012
15519
25935
373
17679
25103
981
25508
9859
25070
25291
18763
4918
21279
14486
24073
23514
2271
31634
11936
19126
4777
29280
18427
22171
29526
7805
18287
538
21385
13593
16449
15092
13130
6694
6760
19922
24305
4527
20117
16950
11078
7019
9073
12978
15590
11410
20517
30040
24297
15343
10272
10353
11457
21559
13332
30578
4965
8345
23618
11307
28080
10134
2040
24642
16387
10259
22104
25312
22322
19628
21594
9898
20126
10572
21525
19443
16798
14074
18746
6959
11300
16886
20193
939
16029
32261
14984
29308
10520
13577
24664
5558
8619
17364
27819
24542
10770
22846
30412
24481
22682
11125
12541
16325
10302
6037
22975
865
5135
24441
21069
21065
473
31184
32362
27085
16387
10355
20828
1443
6839
18678
11321
21793
19523
4988
29025
20655
19647
15312
29004
893
17648
10418
5254
7537
10349
13679
26359
24932
15104
12725
26728
17293
1359
5028
17987
19517
31932
4136
25242
4813
25225
3463
19563
25813
7744
9270
3363
28063
5970
8689
28512
29148
20990
17162
8955
29589
21364
5634
25158
21092
4411
15702
31890
15331
28624
923
27125
101
5264
30157
19530
8164
3799
30693
376
9019
7274
1961
11000
5525
3346
8648
20113
12838
2442
32038
29798
6681
16795
4213
26163
9929
17798
5637
29652
11315
3746
477
24839
16300
31558
7690
24690
22223
16873
16695
16360
21178
8072
21374
10728
19322
17737
5502
8294
12227
18781
23982
5326
3300
7978
16368
16711
4859
23210
21354
10037
10597
17166
2705
22273
10105
30888
20870
25884
1398
12807
26278
12353
6585
21604
8541
23803
13876
27453
6970
10856
14875
17215
28489
1084
27616
11369
925
30216
12130
10095
4396
25533
27746
604
24032
11116
14646
10364
23786
5199
7617
10617
10586
12045
674
15300
3820
2874
8364
15926
5413
26141
1174
31992
16543
14007
31476
15776
32418
15104
30822
22172
28403
27252
21008
21972
32753
29134
23114
31371
4317
7188
13720
1670
3706
19667
31708
10865
15830
28588
31178
4478
10599
271
9885
20559
25689
5191
8712
15126
6183
31415
20080
26363
4201
28771
23384
23230
14573
29106
21533
12957
16904
7794
1763
15224
24366
19996
22479
18739
21441
14681
21623
19548
16935
23750
7062
27405
28959
30964
27909
8468
31573
21428
30182
11090
7476
7825
11554
16993
5371
9885
21527
26746
18707
12657
28554
20117
10400
11119
19683
5329
31318
2890
26521
27159
3469
3785
17131
20218
408
13511
3025
32738
5971
6271
5938
19050
16636
4614
4183
20998
25668
16409
27552
2025
677
24345
29045
23078
15349
4436
30080
24085
24380
31878
3609
31224
32195
24736
24578
20958
13421
3015
21077
31688
8010
20384
16058
16139
11114
23499
29149
25333
15087
8621
4128
20659
20326
9587
12941
3186
11864
24659
20494
18885
13339
6165
18144
8007
18670
20435
6725
7553
11334
13821
14457
19726
2658
13215
23784
22524
4133
231
25246
25206
28965
25314
6911
22176
5120
30342
31928
10179
22767
11509
16117
20650
11933
23808
13525
4428
26937
3562
32026
12203
4041
24431
23078
16379
5058
13061
17955
14343
9942
31330
6017
20945
8974
20286
18853
376
14616
14426
15839
607
22754
16321
2205
16268
2152
15950
7903
6990
7370
110
30699
23075
2465
10279
30530
13528
14995
28762
13010
22002
11045
13637
26989
17997
12497
26187
15738
3331
11097
17656
2027
1679
3930
5440
22383
14131
32548
8967
28648
7319
26057
16615
24095
17074
18548
9261
29622
8173
16892
16932
16223
31878
23737
4759
21836
26931
16023
23441
31719
2313
23400
27239
4290
12955
8575
24056
14801
11366
21626
26164
14039
2157
2655
7387
26398
25376
32491
23431
22379
2434
12582
13037
27697
19083
32571
26464
31749
30667
13447
5783
28242
22865
15856
27311
12878
6347
30840
32371
8748
26607
19985
22236
9876
26137
5300
5588
11856
2357
25517
19007
20040
3551
21305
316
7600
13001
23122
31912
8832
17245
16074
13029
25124
13732
19351
31705
27253
24423
16750
3897
26345
1684
13715
14343
5638
20706
21231
24921
13085
22200
12643
24669
10292
23884
14172
8090
7236
31752
14759
3960
12709
12593
19847
3
2246
10698
261
18412
23329
16566
28040
23760
17006
31006
22693
16573
23
30738
22328
26867
22765
16755
9908
487
22809
15376
12471
13454
5205
16655
27874
20695
13916
14991
5351
378
30622
5515
24291
27888
19001
2817
12783
26562
21285
1108
2289
7175
942
7920
30649
18984
26408
4908
1609
1767
30942
628
22131
6816
5707
28839
18346
26062
24973
27838
3346
28368
10262
11439
27097
31982
8613
8336
1994
25751
7028
16640
7199
26860
25523
7363
20119
22147
2358
27052
5833
15204
17259
7360
952
24664
5774
19864
8615
26468
2080
26887
29231
13200
30613
30461
10894
32236
28493
30635
11330
15317
453
7144
27607
14965
1807
23764
14845
5001
20095
14011
8925
24423
6312
2876
22445
18495
28038
28330
22146
25249
8957
25778
17510
28479
10114
20542
11691
27125
25881
6810
8319
2566
20607
21973
21952
6057
30888
24171
23569
15044
10860
16416
31021
9975
31869
25135
13691
18652
22428
16036
17891
22669
20236
10503
18401
30055
23879
26682
983
12046
22769
10148
10664
8113
13834
912
15234
31632
26471
13519
6907
14779
29795
8101
27744
14876
5842
18915
17481
3255
30006
31824
21361
15921
19766
4941
1221
19855
8779
17081
16827
12097
17597
20755
20709
351
17614
3550
710
21810
9780
1866
8420
12790
26573
17168
21278
13534
13199
32414
28480
29273
19134
14964
26325
31892
609
5326
18237
13120
25590
14211
32767
16533
18021
23853
25440
26519
29491
12682
5428
1944
11256
4386
23540
30974
9235
27690
2065
10054
17052
20649
25992
3145
16538
24537
27575
28862
30582
13008
8046
5633
29616
29279
23370
11539
8145
9787
29246
16097
7073
32602
24691
27081
5017
8608
32338
6234
11419
12475
27103
5467
22497
9292
6728
8463
9012
10055
20925
27576
22878
1692
24963
6490
1761
29463
29764
12993
14057
6788
21162
10181
31872
23576
22060
18125
7169
7180
32295
19858
26831
31371
23344
30502
11078
29134
17577
11060
8946
8070
3218
12937
30975
15738
9634
5331
14065
3441
28566
937
5526
15442
7626
30412
14392
138
27654
23981
10262
30638
5530
2607
9238
1889
17069
14509
6324
17785
24530
22847
21566
11101
5084
32313
19267
6321
18420
5109
329
26934
30184
17875
27070
8683
12486
13437
21809
31097
7082
24944
16066
16333
17108
29624
3543
26887
2813
14842
8209
16275
10987
3512
12159
405
25412
31697
26897
28043
26784
22087
18255
558
13281
4933
1354
30104
11463
7521
15827
10156
25279
31006
2796
5043
18428
25525
14716
1347
8905
20245
25927
5221
10526
24360
4380
11510
31345
19544
3920
9550
27598
20306
20076
10272
23082
31241
24099
30113
30453
8702
16519
16365
17134
16320
23420
9894
11067
26542
7788
5598
31929
16388
12348
3127
8593
6166
14719
3144
23820
1238
7914
15683
31144
9884
16392
32469
7531
31783
3631
29774
14455
26335
4019
19202
16863
17500
9049
16367
14009
16684
6159
10400
3956
18641
27866
849
8044
14090
19727
21075
4796
11860
7366
18098
32339
14255
10636
32278
13899
4005
21336
22503
24182
17545
16833
9652
26937
2557
31085
15062
30877
26038
26061
8016
21923
6532
11015
27130
29144
28300
21556
1503
10026
17880
12748
26339
10746
4627
31838
29097
24946
7821
3973
6835
6681
18310
20759
203
18084
1960
6303
1698
17168
32469
11022
12216
19949
22051
7853
17531
11261
9509
15190
435
10749
15469
10980
22301
28867
31054
3560
31062
24457
1767
18590
19195
24713
12380
7199
24847
27594
10343
24535
9885
11321
27152
28474
25502
31483
5816
8115
11036
9474
30044
21213
29848
11998
30488
30966
25770
2774
25834
6033
2279
30008
6841
10378
2823
27373
29590
25919
8008
28240
19265
20989
12813
3649
14575
7609
6347
25460
26442
10753
18981
30735
11706
20274
24918
19829
20195
12522
28880
29788
111
14016
26658
27430
8205
32051
4383
13934
14777
21217
26685
26593
17215
5626
21563
1871
12538
1523
263
4609
18402
23935
25054
1102
20678
18619
7861
8553
4309
2984
28888
28029
11107
27871
13009
3580
20714
14464
10123
1076
24399
28524
15543
30243
22375
30388
19567
31116
19386
23377
8729
5450
11399
32277
18063
27877
5384
15329
22397
19043
32246
26137
28170
31328
31056
8021
22714
11873
23385
28761
11410
22886
29920
10568
29054
15038
17091
25364
28145
2847
14006
13625
21963
32758
32065
29611
24703
6396
25864
2316
2677
27658
19279
16675
1453
25390
12733
6026
7590
8446
24928
24230
4734
32556
16114
21212
12122
23387
13403
28162
8200
9777
21366
3860
18915
26798
5656
18985
11255
13244
24399
29861
2662
11783
8679
16815
26891
13326
20531
742
6492
15995
30986
24911
24469
687
13839
8850
29459
418
20277
20071
24061
30954
14211
18507
42
27161
18197
12663
14655
11340
22116
10002
32280
15361
7879
12454
23914
15657
1081
29393
14246
25471
11356
31293
11808
13591
1726
13009
3440
23354
10843
24361
14104
30065
11364
9284
20072
8928
21567
32125
11423
13781
20687
11453
24659
17825
21237
31470
15379
4775
12631
23731
14410
28850
31072
20310
11366
11148
4488
514
9018
6604
20693
7986
20129
20975
12193
19049
24165
13738
30111
9764
15967
18303
2329
30220
32735
32399
17275
12657
29262
3247
28437
6644
12049
19133
21021
10883
7345
16181
27379
29323
11577
29439
16809
12648
23520
2187
29379
17953
11752
18720
22331
18258
15046
7281
28105
22377
32643
7794
26977
2325
354
18281
2300
26620
963
23112
7323
31149
21831
3386
23433
19157
30773
8316
28641
23733
10781
22382
23377
1747
3771
2026
6429
8432
541
13268
8551
2363
22024
24818
12717
23236
32409
8958
32403
26675
29224
3066
13027
20154
16497
30404
24530
13640
9462
24554
17029
3072
6303
16575
723
24553
9892
8367
20301
5863
2220
20687
31355
10218
20023
1464
32105
9061
4921
17302
866
8194
2567
20604
25340
24468
23671
8443
10325
16460
10307
29426
5275
20017
6831
2727
14034
2250
28524
17943
465
12573
22203
31371
910
13278
1750
20588
8604
992
31883
4440
32498
30927
12074
7285
28398
1569
15265
29958
6554
24138
19174
7996
13613
22063
14229
16206
30933
7390
14043
11980
11443
7036
2194
31792
31527
4478
29357
2230
26447
16669
3031
14445
3274
16387
6487
26766
3266
16459
1079
8205
19497
26024
10661
11887
26434
31460
2713
11483
32356
7053
7864
5491
16379
9707
20089
25829
21455
2356
22662
31292
2953
17411
9829
10493
31859
9991
21591
12655
26239
12280
28800
4922
3211
4304
13641
28211
25059
14135
17155
25975
12551
26687
7373
14519
8111
17489
27831
2002
13325
18280
21287
29865
16210
6524
17788
5935
20851
17218
16370
30655
6701
6930
20165
947
23367
32296
12954
12338
20503
10768
9242
16201
11847
19036
31456
23357
9177
3736
15253
31776
30313
23680
20825
19363
10162
29296
30309
31531
17236
3611
4079
16423
14805
27520
334
27296
27877
12314
14943
18961
20710
5719
1319
21626
18347
27980
22202
17328
6272
16551
10075
7415
10603
15589
5604
22226
23986
9157
23145
4378
15773
25852
19480
4942
19325
12074
32355
1322
10733
3341
14690
5499
30552
25332
20850
817
700
24695
8739
15542
15789
14950
12369
2430
3996
16639
14224
29152
28249
9828
9934
22820
24535
2380
20531
32221
18736
6136
20556
21625
12008
24425
28777
28694
19062
6864
2115
28055
6400
5958
8930
5367
18279
32701
27326
9438
8067
9526
8485
31858
23216
5941
9436
6000
32137
8306
19465
4219
8435
31698
5456
7604
19550
21909
29757
15242
17735
27857
15586
31188
30721
26911
29377
7965
23990
14484
32492
5694
937
2547
4458
23091
6077
14112
12765
21543
7739
13272
17250
24529
13520
21664
32697
27139
1749
507
11686
23936
22227
11232
5782
21007
16711
4459
32646
12749
7330
12499
10529
18631
6804
29596
6952
29384
3722
27406
16151
23408
32118
12517
3590
1158
23246
16458
21965
1679
5847
23298
22891
16288
25123
20198
20649
25712
19032
12179
2810
10161
5172
22626
14758
27553
30414
19099
9511
12764
7199
15333
20947
15732
2752
26881
22460
6979
23797
184
29141
1152
26859
15122
2134
20369
15934
28873
14945
25376
7358
18173
10981
24433
18547
17193
5315
29171
24287
23382
27183
1813
4482
22159
857
20058
27044
4500
8269
17584
31054
31699
16920
14590
7578
24723
7981
32508
13868
20595
14087
17479
30209
16147
18703
15285
12648
10513
12991
4837
19789
22071
30984
26139
13245
3058
241
9803
29095
17414
15234
9588
25056
15233
18656
15664
2410
28141
22201
17288
2294
20682
15842
16908
18343
25404
9023
8996
15129
26112
8164
18849
28834
20388
13433
18071
15320
20728
3043
8559
11859
32192
20769
26168
15540
28075
7283
28222
13541
27017
15298
5854
27043
30904
23100
23192
14138
25311
19263
102
17808
31199
31864
21836
11109
16391
21324
9265
22233
16008
31094
24557
24367
8232
23794
13219
9168
25658
26394
27985
23699
15821
12048
30373
32571
29476
11099
20499
7746
20838
9941
16932
9429
2199
31940
14609
5151
967
24647
32400
9674
4489
13044
17902
30659
28839
11967
15966
9534
5396
26397
8081
28923
14626
25962
25734
25799
3829
25736
10404
2629
9784
28618
23302
8430
23054
26896
15382
30039
23372
14899
22877
15794
10981
13731
31641
8088
6310
27214
15120
17158
6691
28356
11813
5797
3569
26521
26153
10574
16149
19723
11891
15565
15549
13285
16819
30181
23086
7588
27011
19861
27390
5079
15423
10138
3971
4812
27927
12853
9611
1896
25186
29486
12621
25687
1589
9753
21152
4710
1333
20440
6763
16428
28585
11105
21597
21744
28884
21442
6366
2759
4225
20322
15173
29693
13023
24713
26699
28598
19087
16162
2239
20949
28924
8128
15484
16925
22763
11232
409
5782
20307
20334
23519
11571
15982
32650
4224
2225
26384
24203
18949
13506
17464
24900
14473
13675
19684
22919
549
1451
2090
2536
6059
26973
10117
9923
16791
5727
7021
26753
31042
30964
22058
4886
25177
5991
12521
5838
30862
22770
10000
11850
17805
13277
23503
7621
13106
1770
7671
30621
19961
8689
24080
2574
2998
16840
19110
23104
27270
869
1763
20612
31749
4679
12131
31194
12481
5650
8515
696
30703
9081
14203
20230
1885
13408
29294
21357
24488
27458
15808
5073
24751
9681
18536
27420
583
8925
8966
62
1329
16247
6262
3186
12361
3926
29861
22210
28159
21626
11683
2253
24075
6670
8954
16584
12125
30355
26431
1219
22099
14651
18406
31533
29487
1683
1882
3227
31944
10341
32078
21189
896
5341
4429
30929
8309
28906
17305
28885
25852
4583
14386
8855
24139
17019
30773
30615
373
20158
23911
26703
5020
7069
23570
28345
25185
19839
7952
530
24736
16937
10789
32734
31579
25054
30354
9772
15091
3019
15846
795
1182
8611
26392
32157
4117
30343
18899
23419
25997
9512
15377
26777
30697
4399
7659
9084
12078
6109
22447
4873
30519
13294
32308
10639
9898
6340
4458
22792
21034
2241
2357
15516
24526
27381
9340
31591
28370
25593
11901
18556
26509
30234
11875
9258
18339
27834
13594
17022
32380
5876
15714
15112
28149
5503
21026
26082
25429
16341
28415
2543
7298
25748
20270
16481
11637
26916
7814
12670
23019
3226
16602
3747
14173
20956
9093
28041
11059
21766
19782
26823
6453
4109
8271
10648
22082
21155
664
16095
13124
29018
24697
25960
13411
28683
15736
9585
18553
11129
18272
26985
5318
17970
8083
29175
10470
23734
20128
19262
12031
17627
5656
10080
27711
23664
5278
16960
9606
11041
28734
12941
15455
23450
31488
19452
6197
20464
1468
30420
12228
21820
21807
8368
18125
14985
27983
10880
13326
20208
9948
30674
17265
2817
17208
848
2180
26981
29304
7305
13609
12994
32699
13044
18575
16607
6074
21041
10848
32009
23969
13203
1596
7605
16926
2268
31591
26470
20663
25671
29886
29905
26464
25036
15600
19007
3149
30111
8938
14388
22021
1018
17043
20814
6584
9756
17850
30575
21458
16530
12620
17439
32464
20149
4811
20523
19538
1908
8699
7826
29810
16211
10975
11938
3925
11188
21475
31071
11519
27477
5211
24100
8044
30747
28460
17037
10972
26126
17865
27027
4206
5028
22370
17913
9968
12098
16472
19432
30198
13824
3571
1494
1833
20397
14935
28844
25058
11283
9396
25383
25848
17787
22974
1150
29398
11380
16477
5702
9168
16593
32421
5523
29367
31729
11016
30561
6058
12355
7626
1074
1328
25096
30390
5880
15236
7515
11024
17204
26160
28015
12234
9824
30685
22809
5114
26763
14442
2190
8076
12355
31035
30829
18996
3511
25556
24064
7847
8477
5798
8383
24075
82
1064
3349
30636
8128
18474
9319
10480
17029
26471
11859
22925
13778
11609
28469
2041
23440
7249
10224
23075
18506
9158
17131
9824
30791
4333
21081
2216
24566
28043
17342
22530
23440
16648
27822
4157
16888
26564
21720
993
7910
29870
24900
27237
22596
20754
17625
7842
17112
3762
23074
8584
27172
8217
19026
13584
3978
27436
9605
9073
9396
27138
20552
1687
17715
19957
27228
9169
29542
22777
4791
12234
7326
24877
11468
3770
10367
12976
2828
25821
6058
17334
8877
2853
30105
28379
11434
15404
8649
10167
22539
3436
13343
23986
29030
2226
133
281
9126
31184
32212
24178
13835
17554
5110
17421
27506
22260
5452
9692
26327
2962
26445
13188
14616
4192
7792
5300
31739
9627
4428
16310
7795
18688
9982
7748
17951
8507
25804
29852
27156
15778
32520
16087
2780
32291
28982
30838
11198
14203
24945
574
28992
26537
21258
6726
2283
3747
27763
6734
15950
32583
21595
28754
24902
15508
27163
1375
24956
14106
23889
1702
17198
32431
26826
17615
20787
15460
13478
7567
12345
2232
9142
9085
14162
29195
4137
30753
12719
18261
15208
3150
28074
31511
30014
15026
15626
12946
15932
28844
19075
21816
26972
22877
26749
12384
228
16130
15639
829
29325
5761
28522
1809
18149
26945
14866
18334
26610
4415
1771
24541
15128
31583
30744
28403
4668
25600
586
22881
14378
16850
31806
10875
7220
21228
18312
10779
24860
25
30352
31382
21301
2675
5082
21231
2500
14132
28298
10571
14252
28104
4135
24997
28491
31783
16287
21699
23967
30049
13707
17257
16557
24186
26037
2508
7459
7545
471
10057
30524
24252
6566
28247
4836
25742
31759
28859
32541
29948
15809
31739
28833
23012
2283
14868
12232
10062
6727
19055
7597
15359
3927
26386
5260
12364
27119
27156
10095
10029
27891
18259
1290
13714
13922
20073
483
21498
14995
18651
3510
3649
1215
18580
6167
26041
24768
14994
10329
6525
21016
4576
11439
18690
31797
7876
17553
9455
24564
26169
2657
8751
4707
3487
8271
25412
20683
11954
1146
19422
5614
10169
28759
29356
5261
15359
18263
25970
15149
6279
22724
29532
9499
4348
30956
29074
7342
10471
13698
11788
4812
15653
10561
1192
12207
24983
13010
19065
24809
18203
4848
866
2214
15803
13770
5604
12850
10021
11177
28981
28603
27995
5330
22930
17751
20908
1198
20181
17737
10211
8232
16714
16768
20926
31575
2239
13920
3746
31325
20954
21189
29580
14735
30128
16709
8011
16598
28562
5814
32493
1620
25898
2544
13943
1099
29896
22740
473
26171
15862
32398
8736
4427
22610
7958
10990
3050
11421
19453
17447
2230
25615
1638
13294
6301
25069
8787
17616
18498
31582
28450
23614
11426
24955
18775
21825
8951
29093
31131
29545
18397
24603
1285
519
27059
28875
21145
29595
31300
12905
18958
5520
17318
28607
20437
11303
25699
19268
16982
2738
22231
14575
23677
31746
2009
19021
8565
3874
16542
210
13747
7238
26585
6765
18743
5630
24103
3166
30478
31407
31147
8268
15900
31300
25845
26514
30488
9249
25897
30939
27608
12632
19293
11246
29647
16160
5442
18379
14804
3459
263
22262
3876
5718
6266
5651
28587
4206
30577
12467
7039
13073
20840
16494
27054
19883
31339
16946
14393
1986
30519
30170
7520
23852
22684
23554
15904
10880
26149
17946
28155
24010
23547
11450
31735
8067
16391
16437
20713
1984
4695
26481
17139
13225
23747
8438
16972
20269
26064
31300
17215
26356
2772
4458
2423
5781
1371
21716
14457
26378
8138
30053
19826
29025
7490
16070
26163
6579
22727
18941
31098
30298
24482
15937
25715
14175
2819
5132
29054
8754
23787
3699
15411
30110
9289
24243
5795
18939
11364
9740
21473
16806
31608
18898
7106
7598
25764
19905
11232
2768
28931
10385
10725
15014
25626
18122
27398
7451
24434
12250
21709
20002
27013
356
15132
2984
23519
13532
24431
18374
31869
25425
30049
11068
18041
31625
20594
7195
9705
7763
7943
7361
11012
5401
22194
5898
30854
5813
13748
26565
29014
20101
32192
15973
26982
22978
19458
9465
24027
12045
12896
17503
30831
9291
30208
14516
25107
1715
5898
2574
10456
31013
1455
7534
15631
3262
10346
12784
18863
18345
6021
15941
27640
3640
12768
16995
3670
8755
28398
24955
27272
11376
4608
22572
30465
1187
8902
8950
17295
11128
20242
26865
2362
10975
6624
32447
29039
20647
31636
5567
22622
30543
22402
27523
3744
20761
27315
3461
24093
26975
6118
1301
22061
20522
13526
32662
8957
9217
15547
18154
29749
28159
3091
7723
14039
1065
2466
22172
9834
26110
24760
12511
31065
18255
12466
24168
11414
15696
21955
14129
12930
16880
12021
30639
2321
358
1386
6918
31529
9740
30952
9593
4428
5745
5525
29476
30071
22953
30462
24301
20042
5608
7262
21944
21864
23888
21022
10714
11553
15622
21656
15056
14671
17035
4128
17714
32637
27466
8773
28386
21071
12909
84
25481
19486
12533
26398
5444
23778
1034
30715
30106
28501
28047
9999
15026
26965
25338
24268
1218
2954
32355
31928
30667
29770
1498
2929
7556
18873
31998
24046
9107
20277
29900
28679
18947
27121
3508
12344
5619
22751
24562
5794
7307
9172
15899
11602
31285
1511
1526
28102
18953
22298
29582
6061
12680
14652
10885
25839
21646
3085
27051
16109
17794
27812
7375
22794
17872
17422
16598
21610
27289
10552
19978
20730
31145
6670
7348
4016
4777
20453
30700
2580
30869
13078
21168
8959
3953
12780
21300
21666
25144
32449
10361
32715
17686
31075
24097
16484
26582
18365
8834
27452
27806
25011
13049
6411
22234
5197
25216
25264
26230
16408
28291
12988
13136
22217
5616
20532
7405
23588
9870
1683
25195
28188
29839
3855
30390
6204
28776
7965
25855
30277
20192
16439
22890
27161
30567
21725
8711
26839
11434
28378
15364
9032
9060
23240
16673
3450
31607
1238
18787
2474
20283
6857
5389
14951
19734
3905
4812
16373
3917
25150
5682
25840
9753
21218
21093
32305
2046
24185
27929
502
23640
12470
15803
6716
21559
26943
3311
13936
1388
23149
26685
24647
31716
9548
24071
22507
30005
22250
13759
15191
31351
27342
30807
15620
19541
22214
23800
11717
21859
998
28150
24047
5811
22733
31236
6590
17059
14634
9636
17652
31224
7807
12514
22979
24369
11813
17730
20205
29717
28817
24567
10538
30095
3541
11349
15306
10683
13161
25225
23707
21569
1836
32392
3853
17634
19366
25413
27284
13392
6544
15911
16462
25411
21142
16058
17382
12233
12635
30373
15288
5341
6846
30172
31798
18492
5212
30486
12938
27252
1109
12418
17021
32062
7764
7349
15255
5133
8649
20455
10631
29415
19833
11616
17350
3956
11321
4397
16504
10325
7926
16919
20115
26294
18425
16342
31554
15911
15209
16769
1676
32423
6418
30793
27441
19714
29540
27239
7636
30046
10175
31315
18271
19472
3054
28215
32420
4276
5361
2979
17728
1916
23295
7042
19397
15560
7883
27213
16664
9975
13319
6270
12567
6781
29990
20296
13951
17462
9319
11653
1037
7675
24079
240
2276
4466
32757
8084
13359
15658
10820
30084
7175
4071
15741
6861
2967
11834
31163
1449
15486
22101
9019
11509
16244
13854
20507
12005
22577
26498
17250
20471
20619
1804
31041
26149
1758
6326
18585
1119
15280
12031
15804
31288
25237
2109
4728
31712
31313
5685
26450
1618
12349
9193
8719
21454
21228
3505
5497
29834
22541
16269
22111
24485
31123
28090
25054
4188
11796
15235
30943
896
111
17498
21729
10535
2738
15143
6649
7843
6203
5088
10774
17584
13085
27482
15754
1521
8389
8543
25798
24990
4573
22784
22373
3703
2416
21292
13421
18940
16207
22402
6097
10207
436
8036
10554
30138
23078
30541
2054
1790
31132
2660
14481
32043
12261
3153
30388
24647
29255
13647
4492
7049
13671
17538
13437
12885
7784
31884
16758
16749
20311
20059
8310
8293
21191
9796
10319
14167
27320
3926
1194
23769
18110
8424
15691
20524
25951
27253
17046
9142
9404
20906
9042
11186
18036
5820
20398
17703
27333
29439
3457
2326
18164
1461
470
16376
6895
803
29608
10600
10802
23019
11242
27676
15335
17045
5835
16921
26193
28015
2615
13607
10602
17047
21921
32643
7371
26710
32512
25813
13517
943
20759
5985
25326
26424
7930
32129
5494
9257
24782
27475
23130
12723
3536
9391
10592
7827
22425
15196
6532
230
10912
7555
1434
6207
6144
26723
25654
22007
3195
21319
22217
16324
30911
18101
13324
24717
20201
29673
4514
15229
31048
130
4345
30039
11875
6778
29553
10249
17981
2139
14784
5251
29911
2480
21141
9929
3575
7098
7291
71
13864
30309
16128
31846
9474
21882
7959
25436
23723
25110
29372
16200
31390
20571
14294
1918
1451
1381
4705
5663
23871
22912
21964
7150
11750
19096
15776
1630
3854
13041
6499
3056
11790
22552
28604
21179
10855
26137
23768
25932
1865
10994
12299
27057
22105
9800
3259
20177
32689
16729
4730
25599
19240
17202
20594
3790
3796
21793
2054
4902
9934
11118
694
8599
6709
9798
32579
8174
4470
32504
31252
24582
458
21860
21721
14561
12800
12719
8558
13815
31868
20028
5122
20686
29312
15832
24696
26827
17578
16949
1805
27976
5310
26266
21564
28135
5286
13016
6111
1317
5815
2688
22422
20786
29494
3155
108
28416
26395
1530
23480
11161
20500
20472
19266
24503
27085
9692
4263
10638
28783
20155
9215
30957
19559
10717
23996
8581
11112
29623
30677
26504
10931
22297
10789
14967
30358
7849
26126
4661
818
6800
30049
8799
17026
3699
130
22496
31641
15269
16327
21695
10027
23451
23586
24124
30031
7840
17152
28956
24707
713
29040
28737
29169
5932
31368
8573
6897
32589
19716
27816
18382
19161
31793
4336
4045
30103
4106
17521
9835
9115
8352
29190
29159
28093
16575
2398
27392
21065
31694
5458
10752
7672
27383
3189
17657
24863
9608
4077
25423
17703
4249
3202
10870
22077
20976
29173
26621
5450
27169
29843
7372
26150
14841
3337
19882
11785
30493
10874
15618
13890
21487
19151
29158
10027
24241
27983
12372
12124
23533
4975
18104
11039
8212
17387
21683
24612
11365
17429
28443
8566
4880
31597
17731
28590
26268
13683
11132
26983
14470
13753
11995
8177
27435
21052
5693
9290
23271
2036
29833
24649
8831
15786
12341
4125
32444
10506
9228
28662
5465
2553
15662
29186
8992
12329
14936
4251
21839
32490
28773
4287
21056
25411
14357
18624
13641
28737
26894
16188
482
5519
1568
13904
20997
9287
32461
30473
17371
5640
10761
28955
27284
19017
24126
726
18070
11756
19091
32085
2267
278
30062
14585
9620
12095
1079
19990
31251
28037
12384
17899
2535
4934
3490
22488
5961
24813
1417
1739
6839
10508
11314
13052
24030
4012
21076
29658
15805
21473
30845
20036
22536
22433
1950
6909
10186
22997
29386
12634
21839
5809
9787
10814
15681
16961
26518
20296
29457
4421
2927
2635
17048
17471
9232
26879
29951
26826
3446
2294
23772
17709
31389
32721
28061
8752
26622
5043
25130
26415
5973
22518
14022
15468
30887
541
31286
10153
9348
2826
14886
22263
19338
28786
3784
3529
16170
10893
2494
26700
30639
10770
3130
26875
15227
29282
18532
1134
19348
9219
29180
8050
14688
2897
25152
13151
18861
1904
13072
3238
2292
23941
5456
22442
29919
19494
26254
28625
24328
29455
18916
9434
27908
25366
18464
27249
22944
27233
15139
9728
23402
28886
2183
3785
21620
30931
28549
21554
12116
6175
28181
32351
3439
32033
342
15622
10872
21584
17713
6271
6451
8683
14137
14619
15743
25578
8406
14519
10131
4148
27811
12945
13448
17170
27412
1370
6168
12772
19036
31628
13221
13843
17806
19965
24188
1094
20226
13493
860
25561
14842
31228
14130
31371
10117
17336
11559
118
15012
1782
11228
28741
22444
22983
26612
1953
29419
5965
26580
11244
12942
2581
21670
1842
26562
4263
23716
29020
8986
28764
2707
31143
26673
19056
13965
9301
17552
26456
29700
12451
19922
19542
8452
31482
19206
20298
31416
20329
3412
7371
23344
16467
15332
25718
1121
21861
5883
8070
7278
9931
30311
9638
16166
14500
1822
1027
18637
10931
3106
19108
15903
4183
9895
17406
30098
1213
27000
19139
26076
20308
15255
12796
15797
11393
20003
29527
10462
3733
10623
6082
26210
27388
5553
3640
5148
26550
25096
25819
21369
32012
20482
6212
11135
24443
9580
27927
19470
17909
10699
2010
5734
24649
4859
14087
3818
4575
9494
9055
7204
17576
2456
23170
14088
26709
8640
26557
28797
29127
22585
28451
28697
28359
13817
32479
20524
504
15978
2760
31489
23305
22215
17974
28000
32559
15561
20500
599
30163
20612
25911
11323
11656
13707
3310
16105
11583
3931
29659
12113
26046
23799
26881
27702
14158
14287
12573
13359
32692
31206
9274
3314
17507
3892
18816
16337
19696
30282
25933
32645
16838
13364
11655
6955
8987
16291
6192
25228
11299
10060
30778
8097
30339
30603
23709
18775
29192
9036
26024
21391
1177
29739
1172
16489
26218
17882
22879
22210
3699
4291
8920
8699
17185
2031
29942
7932
9035
20007
10605
14969
15207
1625
16003
1140
31486
17213
6176
15620
7773
6711
22309
7764
24718
23936
15103
2030
2438
16769
16764
28474
11424
29055
30941
14657
11082
22397
14380
25015
20478
7006
12752
4921
5493
7499
5214
5331
28183
28500
11698
12485
8117
4698
17471
30855
1914
31276
6819
2570
23071
7408
20862
14913
13407
4549
7045
18656
4011
678
30674
356
28446
30097
26238
27987
22707
12521
19314
31685
28342
16154
29562
16931
15736
21883
28572
14895
4423
8824
15015
8516
26781
18160
23822
23775
22168
32476
759
2143
27050
15666
14480
4105
27282
16137
16546
32079
1931
23037
14696
22610
16323
2517
929
17061
8974
355
8164
12116
14812
17068
30260
23589
10601
585
15316
28701
26675
23053
27484
25414
5809
3816
781
5040
20546
28171
32098
11190
2148
1357
14311
15746
18470
15054
15438
14292
24544
2010
8128
6142
24865
23312
27761
32052
29929
26051
18807
258
25112
22688
21724
31006
22567
21393
25586
1632
21014
3298
7654
5391
9637
29603
9368
12894
4807
20813
16298
23350
26452
11944
15832
10294
2814
32747
135
31481
1926
23589
26016
4247
24880
17373
926
7534
21364
15093
27622
22050
17910
14805
26455
2530
3512
14789
24867
12781
20110
24729
29661
6741
4307
3988
19667
2051
24411
22919
22941
32764
424
9273
29686
5091
9825
30987
32715
22462
4607
18652
12178
25853
9674
10027
25309
3768
21252
16507
21295
11064
20068
4092
782
5817
6086
6247
9049
21358
10784
9258
25308
27334
26552
20677
23586
29678
5780
26996
5514
25495
306
21774
18333
2297
3962
6957
23967
23575
27633
17551
25700
325
2351
6844
23398
9704
7059
2793
7188
6782
23349
12317
19308
19934
8732
18578
2507
3520
15026
6750
21764
12415
29300
2898
20656
3102
17646
28707
26822
24202
13031
22215
620
2846
6617
20514
12044
20844
8100
31970
5545
24891
1666
25000
1652
28620
32062
18024
27802
12898
16289
9490
4705
25088
6958
27506
27507
11381
11279
5205
22905
13974
26190
23533
7916
5067
16200
4982
29736
22221
2911
22554
29379
8109
25584
12562
19228
19225
10629
22799
30775
9947
30283
14040
26056
20386
5318
18740
15501
7173
20163
2570
18657
14533
10382
3271
12175
23122
23654
23552
25828
10129
10798
23129
6664
16861
20325
10917
5262
3660
15192
25422
9289
9267
21398
4343
11105
1260
23717
19553
27815
214
23283
26507
5158
28062
15
30238
11770
4541
30745
13575
32614
26946
11128
5478
30240
10194
18634
28327
8687
7149
11041
7150
27768
22386
28780
2233
853
16742
21555
28865
10344
29937
8840
22305
23663
4521
22330
30905
6104
24852
15691
15829
1494
30055
8868
28426
30132
9620
29704
12641
30314
2692
21831
3512
20590
24993
2484
1892
20940
30872
16600
1563
8313
1629
7016
5906
1764
5487
31861
18786
28367
25437
31459
10672
32349
22921
1820
8461
2924
812
6405
15131
22820
9370
31282
6001
21456
22472
86
2625
16109
21003
19453
12344
2433
14114
24445
31142
15535
7543
8745
28895
14471
10146
9161
16353
13091
22319
13383
14647
11759
31905
9131
26653
21832
26806
15945
27620
32329
17133
22841
8856
14049
10566
776
26337
7209
32073
11437
25895
27381
585
24255
19449
32426
12522
20197
23472
12879
25569
27021
6479
22502
16891
9185
10414
14844
2401
10742
4568
23423
8218
15687
30129
27088
3537
22371
30172
5401
17113
25826
21467
17121
20590
11421
2936
20189
30270
14111
27748
19977
10536
19030
30495
2040
30531
19854
279
6760
27938
10657
25620
31514
24662
31079
15571
19425
17205
7796
31985
13560
26074
3587
21516
14744
18541
27181
13348
15050
25253
15199
30023
7291
1162
24074
23661
16590
13440
30876
2465
19894
11905
3504
4449
28867
26794
32385
17736
5436
16633
4517
28650
16495
14421
20984
2048
2117
24270
22998
7877
22553
21799
24205
3487
30666
1937
4113
9986
2319
1466
8434
28305
28427
7174
2700
7303
21538
4636
24958
28758
16906
12965
20061
5774
37
80
32425
9727
11278
15386
8703
30754
16498
8396
18321
24757
32289
30661
12244
2214
27492
27385
26232
28722
23954
14394
14493
23630
16606
10679
23364
13126
4723
30658
22019
3236
16579
30678
1534
30803
26139
15576
19730
16644
4475
3229
16723
11729
4518
20141
28857
1824
30325
22598
3350
25291
15472
14756
5195
31614
22175
28800
18620
5984
2718
9175
3585
16885
21232
19692
32223
23875
15253
29072
18806
20019
27871
21409
15035
18491
22657
14801
27177
31802
15593
13736
31924
11939
29392
2765
32255
30942
14607
7041
10958
14827
29364
32364
16318
31305
2901
8604
8244
18198
30116
7883
27027
18551
30788
9440
18098
5946
15579
6841
6029
5562
21865
24360
16698
20483
11224
19003
14879
10039
4052
21441
9827
19505
22236
777
6306
19815
17049
3053
19173
15381
8559
15631
25553
11416
23891
9059
7198
5655
27868
1774
22603
21865
23196
9421
2704
22323
22192
19064
28949
11601
1686
13896
1121
4984
1855
24887
10773
10009
21861
5608
32730
22152
4127
30951
21144
19293
18867
26161
5609
21531
23211
18423
28621
4367
27435
19103
11423
26747
9857
4620
12103
1524
19710
21535
12722
26889
6148
31869
27007
18213
9313
15763
25851
17591
22235
13016
13392
18831
28428
30802
13049
29835
15473
23388
1401
29300
10685
2214
8013
15395
4723
23421
25887
32744
5811
12877
16188
14892
24916
27748
12360
16724
5172
29944
17457
18665
20172
32620
27489
8182
776
22735
5688
11954
3157
29350
9401
30559
15611
2795
32387
7794
21933
5461
26371
15860
7006
18906
25065
2088
32599
31859
15320
32110
3463
8735
2914
14695
5402
10026
15923
7002
16205
31407
1676
19927
2176
29532
15604
29082
20364
29045
2602
28593
28504
25115
27997
14050
5799
1999
29343
26695
21044
11314
11672
14139
32001
7950
19575
122
2796
9882
22318
23683
24963
17658
28383
12609
13081
30470
8593
1771
4122
20556
9768
9257
8859
6232
5268
13688
18485
19763
28232
975
32276
12073
2798
32387
21323
14799
15705
7272
21866
11845
17595
22585
11091
4793
24088
19513
21065
19244
2554
12571
12618
12153
23143
17439
30367
17043
23824
22655
29617
28430
30155
6153
27422
27873
15683
14093
1292
13418
14318
8057
23998
8882
31040
22339
25189
13043
1823
9735
28728
29015
4502
15858
27078
2819
21197
27614
13963
8020
11065
4798
24770
13928
19984
30269
17787
225
4608
6306
2797
17637
14880
12279
20749
7273
19239
30314
20576
26800
16604
23027
23309
7950
14285
20279
29750
21234
24388
19373
29064
8484
18295
11007
23313
24650
24575
947
32082
15025
14987
12042
24982
5450
26070
2088
8322
26611
29910
9846
17132
27384
1591
5957
9457
15834
24583
23220
3905
27471
29619
10195
31422
28297
24114
15368
12870
7611
14464
14770
18124
7642
19534
23053
2478
17313
248
30294
322
1495
5303
11311
2994
25812
30232
8516
9227
27458
20908
10799
32144
11297
10241
22681
26964
25101
32722
13474
14856
5060
2171
9603
6673
25059
16559
19826
2014
25072
30061
23751
27768
10909
11568
8284
90
30027
21351
20281
29316
30926
14372
23409
1483
24944
14360
19015
6259
2616
8383
22421
18943
23404
9432
26735
13128
29268
29976
4355
25805
30273
20767
12739
8010
16078
9387
28615
31372
12134
1292
3180
28291
27654
8920
24642
29337
19268
991
32037
10050
10641
6497
15273
15828
443
1663
14268
4762
28342
10992
134
11555
31387
17909
32660
6880
24305
17807
23350
22511
6700
5615
22565
14897
32371
1326
32361
4770
7590
3902
1402
30954
13984
9761
19366
29999
1977
19032
23730
31790
10895
1951
19396
29066
23815
10711
25729
9315
23438
15940
30578
31275
12453
13560
17836
15285
7580
13967
20400
14479
157
541
2960
13458
23533
26469
18003
21431
25199
12620
13467
30765
11626
5261
30341
18088
32651
30381
4817
17659
14638
8498
11587
18153
25049
13584
31816
7480
27401
29284
16861
15112
4146
10340
19373
17763
30721
24982
15993
16661
31460
8257
12477
21182
13004
16162
22673
17701
14386
19039
20685
18895
12376
25793
14704
10193
4305
3357
14147
19682
15427
22547
5817
29876
23660
29179
5658
23173
7523
32029
6880
10481
11808
8224
22114
7178
10815
22726
7599
2474
20737
26326
30909
17416
11668
25433
11459
2698
5268
22536
17891
31962
6865
27398
25612
17468
26963
29387
20255
26399
4763
1632
5712
31473
19756
24018
16080
10296
14154
5857
17833
13535
2050
12792
30953
2253
20842
23394
27650
24765
14378
21690
2929
9033
17467
4771
5022
3143
12015
25274
28419
8793
21042
11721
16273
10944
7439
10814
5967
3953
12662
4827
9285
27499
3900
13742
21400
12615
28771
28484
12278
8209
15004
26138
32564
31318
10762
6740
25398
13182
6473
7601
528
1884
2735
1983
31082
12292
22225
31307
8489
11741
9289
18972
24908
22007
3255
8161
7955
6814
4870
9575
1383
16943
20209
4879
11382
42
29125
12672
25758
9353
2152
9113
10380
21840
7834
3241
31397
1638
10107
26339
12708
9123
20301
7692
30853
8490
6780
17015
