3
15
16
19
21
22
23
25
37
38
42
42
44
53
62
69
71
78
80
80
82
84
86
90
100
101
102
108
110
111
111
111
118
120
122
128
129
130
130
130
133
134
135
138
157
166
184
187
192
201
203
203
204
210
214
225
228
230
231
235
236
240
241
246
248
258
259
261
263
263
271
278
279
281
287
293
306
315
316
322
324
325
329
330
334
335
342
344
346
351
354
355
356
356
358
358
363
370
373
373
376
376
378
391
405
407
408
409
415
418
422
424
435
436
443
453
458
465
470
471
473
473
477
482
483
487
502
504
507
514
517
519
527
528
528
530
537
538
541
541
541
544
548
548
549
558
558
560
561
574
580
583
583
584
585
585
586
587
599
602
604
607
609
620
628
641
652
657
664
670
672
674
677
678
687
691
694
696
700
701
710
713
716
723
726
726
727
728
734
735
742
752
754
758
759
765
773
776
776
777
778
781
781
782
783
784
786
789
795
797
797
803
805
809
812
817
818
828
829
830
833
848
849
853
857
858
860
862
865
866
866
867
868
869
871
872
875
893
894
896
896
899
903
910
912
916
923
925
926
929
933
937
937
939
942
943
947
947
951
952
963
966
967
969
975
981
983
986
991
992
993
998
1006
1018
1021
1024
1027
1030
1034
1037
1038
1045
1048
1064
1065
1074
1076
1079
1079
1079
1080
1081
1084
1088
1094
1098
1099
1102
1108
1109
1110
1111
1111
1113
1119
1121
1121
1131
1134
1136
1140
1145
1146
1146
1150
1151
1152
1158
1162
1172
1174
1177
1182
1182
1187
1192
1194
1198
1199
1213
1215
1218
1219
1221
1222
1234
1238
1238
1245
1247
1247
1260
1261
1261
1284
1285
1290
1292
1292
1295
1298
1301
1308
1314
1317
1319
1319
1322
1322
1326
1326
1328
1329
1333
1333
1334
1347
1354
1357
1357
1359
1360
1363
1370
1371
1375
1381
1383
1386
1388
1394
1398
1398
1401
1402
1408
1413
1417
1417
1422
1431
1433
1434
1434
1443
1449
1451
1451
1453
1454
1455
1461
1464
1465
1466
1468
1479
1482
1482
1483
1486
1493
1494
1494
1495
1498
1503
1508
1510
1511
1514
1521
1523
1524
1525
1526
1530
1534
1539
1542
1554
1562
1563
1563
1568
1569
1589
1591
1592
1596
1609
1615
1618
1620
1624
1625
1627
1629
1630
1632
1632
1636
1638
1638
1644
1646
1646
1652
1658
1660
1663
1666
1670
1670
1676
1676
1679
1679
1683
1683
1684
1684
1684
1686
1687
1692
1692
1692
1696
1698
1702
1715
1726
1727
1730
1733
1736
1739
1744
1747
1749
1750
1750
1758
1760
1761
1763
1763
1764
1767
1767
1770
1771
1771
1774
1775
1780
1782
1789
1790
1804
1804
1805
1807
1809
1813
1814
1820
1820
1822
1823
1823
1824
1827
1827
1828
1833
1836
1836
1842
1843
1845
1848
1855
1865
1866
1870
1871
1876
1880
1882
1884
1884
1885
1889
1891
1892
1896
1904
1908
1909
1910
1911
1914
1916
1918
1926
1926
1931
1933
1935
1937
1940
1944
1950
1951
1953
1959
1960
1961
1977
1983
1984
1986
1994
1999
2002
2009
2010
2010
2012
2012
2014
2014
2016
2025
2025
2026
2027
2030
2031
2032
2033
2033
2036
2040
2040
2041
2041
2041
2046
2048
2050
2051
2054
2054
2054
2063
2064
2065
2070
2076
2078
2080
2082
2085
2088
2088
2090
2095
2099
2100
2109
2115
2117
2122
2128
2134
2139
2143
2146
2146
2148
2151
2152
2152
2157
2158
2162
2164
2171
2172
2176
2180
2181
2182
2182
2183
2183
2185
2187
2188
2190
2194
2197
2199
2203
2205
2214
2214
2214
2216
2220
2225
2226
2229
2230
2230
2232
2233
2239
2239
2241
2246
2250
2253
2253
2267
2268
2271
2276
2279
2283
2283
2283
2289
2289
2292
2294
2294
2295
2297
2300
2308
2313
2316
2319
2320
2321
2325
2326
2329
2332
2338
2339
2348
2351
2356
2357
2357
2358
2362
2363
2369
2373
2377
2380
2384
2393
2398
2401
2407
2410
2411
2416
2420
2423
2426
2428
2430
2433
2434
2438
2442
2442
2456
2461
2465
2465
2466
2472
2474
2474
2478
2480
2481
2482
2484
2494
2497
2500
2507
2508
2511
2514
2516
2517
2517
2519
2527
2530
2535
2536
2536
2539
2543
2544
2545
2547
2553
2554
2554
2554
2556
2557
2561
2566
2567
2570
2570
2572
2574
2574
2580
2581
2594
2598
2602
2607
2615
2616
2623
2624
2625
2627
2629
2633
2634
2635
2646
2655
2657
2658
2659
2660
2662
2662
2675
2677
2680
2688
2692
2693
2696
2698
2700
2704
2705
2707
2713
2718
2719
2720
2720
2727
2729
2735
2738
2738
2746
2750
2752
2755
2759
2759
2760
2765
2766
2768
2772
2774
2780
2781
2793
2795
2796
2796
2797
2798
2810
2813
2814
2815
2815
2817
2817
2819
2819
2821
2821
2823
2824
2825
2826
2828
2828
2830
2831
2846
2847
2851
2853
2863
2867
2874
2876
2890
2897
2898
2901
2911
2914
2919
2920
2924
2925
2927
2929
2929
2933
2934
2936
2953
2954
2960
2961
2962
2967
2968
2979
2979
2980
2981
2983
2984
2984
2985
2994
2995
2998
3007
3010
3015
3019
3021
3023
3023
3025
3028
3029
3031
3036
3036
3040
3042
3043
3050
3053
3054
3054
3055
3056
3058
3060
3066
3072
3073
3085
3091
3102
3106
3119
3127
3130
3133
3143
3144
3145
3148
3149
3149
3150
3153
3155
3157
3160
3163
3166
3169
3177
3179
3180
3186
3186
3189
3195
3197
3202
3211
3212
3213
3218
3218
3226
3227
3229
3235
3236
3238
3241
3247
3252
3252
3255
3255
3259
3262
3265
3266
3271
3271
3272
3274
3285
3295
3298
3300
3310
3311
3314
3326
3331
3337
3341
3342
3346
3346
3349
3350
3350
3357
3358
3360
3362
3363
3369
3374
3380
3386
3407
3412
3436
3436
3438
3439
3440
3440
3441
3446
3448
3450
3457
3459
3461
3463
3463
3466
3469
3472
3472
3482
3487
3487
3490
3504
3505
3506
3508
3510
3511
3511
3512
3512
3512
3520
3529
3536
3537
3539
3541
3543
3545
3550
3551
3558
3560
3562
3565
3569
3570
3571
3574
3575
3580
3580
3581
3585
3585
3587
3589
3590
3604
3606
3607
3609
3611
3618
3620
3631
3635
3636
3640
3640
3647
3649
3649
3652
3660
3662
3669
3670
3684
3688
3695
3699
3699
3699
3703
3706
3722
3733
3735
3736
3744
3746
3746
3747
3747
3762
3768
3770
3771
3784
3785
3785
3790
3790
3796
3796
3799
3804
3816
3818
3820
3823
3826
3829
3829
3844
3850
3853
3854
3855
3860
3861
3864
3864
3874
3876
3886
3887
3892
3897
3900
3901
3902
3905
3905
3905
3915
3917
3920
3922
3925
3926
3926
3927
3929
3930
3931
3933
3940
3946
3949
3949
3953
3953
3956
3956
3960
3962
3962
3970
3970
3971
3973
3978
3988
3996
3999
4000
4001
4005
4011
4012
4012
4014
4016
4019
4026
4041
4045
4052
4071
4072
4077
4079
4088
4088
4088
4092
4105
4106
4109
4113
4117
4118
4122
4122
4125
4127
4128
4128
4133
4135
4136
4137
4144
4146
4148
4157
4163
4170
4179
4183
4183
4188
4192
4201
4206
4206
4210
4213
4219
4219
4224
4225
4225
4225
4226
4231
4235
4247
4249
4250
4251
4251
4258
4263
4263
4272
4276
4287
4290
4291
4301
4304
4305
4307
4309
4317
4317
4320
4333
4336
4338
4343
4345
4348
4354
4355
4360
4364
4367
4378
4380
4383
4385
4386
4390
4391
4396
4397
4399
4401
4405
4411
4413
4415
4421
4423
4427
4428
4428
4428
4429
4436
4438
4440
4442
4448
4449
4458
4458
4458
4459
4466
4470
4471
4475
4478
4478
4479
4482
4488
4489
4492
4498
4500
4502
4503
4504
4514
4517
4518
4518
4518
4521
4527
4527
4530
4541
4549
4555
4555
4568
4573
4575
4576
4583
4599
4607
4607
4608
4608
4609
4614
4620
4623
4624
4627
4629
4634
4636
4638
4640
4653
4657
4661
4663
4668
4668
4679
4690
4695
4695
4698
4705
4705
4707
4708
4710
4723
4723
4728
4730
4734
4734
4740
4747
4750
4753
4759
4762
4763
4767
4770
4771
4771
4774
4775
4777
4777
4790
4791
4793
4796
4798
4807
4811
4812
4812
4812
4813
4817
4827
4832
4832
4836
4837
4837
4844
4848
4859
4859
4862
4870
4873
4873
4873
4878
4879
4880
4882
4886
4891
4892
4894
4902
4907
4908
4909
4918
4921
4921
4922
4931
4933
4934
4938
4939
4941
4942
4954
4955
4962
4965
4972
4972
4975
4979
4982
4984
4988
4992
4994
4996
4999
5001
5007
5017
5020
5022
5025
5028
5028
5040
5042
5043
5043
5043
5058
5060
5065
5067
5073
5079
5082
5083
5084
5088
5091
5094
5109
5110
5114
5120
5122
5132
5133
5135
5135
5136
5148
5151
5152
5153
5153
5156
5158
5160
5162
5172
5172
5191
5195
5197
5199
5202
5203
5204
5205
5205
5208
5211
5212
5214
5221
5226
5227
5229
5229
5233
5251
5254
5260
5261
5261
5262
5264
5268
5268
5268
5275
5277
5278
5286
5289
5294
5299
5300
5300
5300
5303
5306
5307
5310
5315
5318
5318
5318
5326
5326
5329
5330
5331
5331
5334
5341
5341
5344
5351
5360
5361
5362
5367
5371
5380
5384
5389
5391
5396
5401
5401
5402
5404
5413
5419
5428
5436
5440
5442
5444
5444
5444
5444
5450
5450
5450
5452
5455
5456
5456
5457
5458
5460
5461
5465
5467
5467
5468
5478
5486
5487
5489
5491
5493
5494
5497
5499
5502
5503
5508
5514
5515
5517
5519
5519
5520
5523
5524
5525
5525
5526
5530
5534
5545
5553
5558
5559
5562
5567
5575
5582
5582
5586
5588
5598
5599
5604
5604
5608
5608
5609
5614
5615
5616
5619
5620
5620
5626
5630
5633
5634
5636
5637
5638
5640
5650
5651
5654
5654
5655
5656
5656
5656
5657
5658
5663
5671
5682
5685
5688
5693
5694
5695
5697
5701
5702
5707
5712
5718
5718
5719
5724
5725
5727
5734
5745
5745
5747
5753
5761
5774
5774
5780
5781
5782
5782
5783
5786
5786
5794
5794
5795
5795
5797
5798
5799
5805
5809
5809
5810
5811
5811
5813
5814
5815
5816
5817
5817
5820
5833
5835
5838
5839
5840
5842
5847
5854
5857
5859
5863
5865
5869
5876
5880
5883
5885
5898
5898
5902
5906
5907
5912
5924
5932
5935
5935
5938
5938
5940
5941
5946
5957
5958
5960
5961
5963
5965
5966
5967
5970
5970
5971
5973
5973
5977
5984
5985
5991
6000
6001
6017
6021
6024
6026
6029
6033
6037
6037
6044
6057
6058
6058
6059
6061
6074
6076
6077
6082
6082
6086
6089
6097
6098
6101
6104
6105
6106
6109
6111
6111
6118
6119
6121
6136
6138
6142
6143
6144
6148
6148
6153
6159
6165
6166
6167
6168
6169
6175
6175
6176
6183
6192
6196
6197
6199
6201
6203
6204
6207
6207
6212
6212
6227
6232
6234
6238
6245
6247
6257
6259
6262
6266
6267
6268
6269
6270
6271
6271
6272
6274
6279
6285
6287
6292
6295
6296
6301
6303
6303
6306
6306
6306
6310
6311
6312
6313
6316
6321
6322
6324
6326
6340
6341
6347
6347
6354
6361
6366
6366
6368
6373
6375
6381
6382
6384
6387
6390
6390
6396
6396
6400
6405
6411
6413
6418
6423
6425
6429
6430
6440
6446
6450
6451
6453
6466
6470
6470
6471
6473
6474
6479
6481
6483
6487
6490
6492
6493
6497
6499
6524
6525
6526
6532
6532
6544
6545
6554
6556
6559
6566
6571
6575
6579
6583
6584
6585
6585
6587
6590
6604
6606
6614
6617
6624
6627
6640
6640
6644
6648
6649
6653
6655
6655
6664
6670
6670
6673
6673
6681
6681
6691
6691
6694
6700
6700
6701
6709
6711
6713
6716
6717
6719
6725
6726
6727
6728
6734
6740
6741
6741
6746
6750
6752
6760
6760
6763
6765
6778
6778
6780
6781
6782
6783
6788
6791
6800
6804
6810
6811
6814
6816
6819
6823
6823
6831
6832
6835
6838
6839
6839
6839
6841
6841
6843
6844
6846
6846
6856
6856
6857
6859
6861
6863
6864
6865
6880
6880
6881
6895
6896
6897
6902
6904
6907
6909
6911
6916
6918
6924
6930
6943
6949
6952
6955
6956
6957
6958
6959
6965
6966
6970
6972
6979
6990
7002
7002
7004
7006
7006
7016
7019
7021
7027
7028
7029
7031
7036
7039
7041
7042
7045
7047
7049
7049
7053
7059
7059
7060
7062
7069
7073
7077
7082
7097
7098
7106
7127
7144
7147
7149
7150
7150
7153
7155
7157
7158
7169
7172
7173
7174
7175
7175
7178
7179
7180
7188
7188
7195
7198
7199
7199
7199
7204
7209
7220
7236
7238
7240
7245
7248
7249
7249
7250
7261
7262
7264
7269
7271
7272
7273
7274
7278
7279
7281
7283
7283
7285
7287
7288
7290
7291
7291
7293
7298
7303
7305
7307
7309
7319
7323
7326
7327
7330
7335
7342
7342
7344
7345
7348
7349
7351
7356
7358
7358
7360
7361
7363
7366
7366
7370
7371
7371
7372
7373
7375
7382
7382
7384
7387
7387
7388
7388
7390
7399
7401
7403
7405
7407
7408
7412
7415
7425
7434
7437
7439
7451
7453
7459
7462
7472
7473
7476
7478
7480
7490
7496
7496
7497
7499
7515
7517
7520
7521
7523
7527
7530
7531
7534
7534
7537
7543
7545
7548
7553
7555
7556
7566
7567
7578
7578
7580
7588
7590
7590
7597
7598
7599
7600
7601
7604
7605
7609
7611
7617
7621
7626
7626
7630
7636
7639
7642
7654
7659
7671
7672
7673
7673
7675
7679
7690
7692
7693
7716
7716
7720
7723
7739
7744
7745
7746
7748
7750
7763
7763
7764
7764
7772
7773
7784
7788
7788
7791
7792
7794
7794
7794
7795
7796
7805
7805
7807
7814
7821
7825
7825
7826
7827
7834
7835
7836
7840
7842
7843
7847
7849
7853
7861
7864
7869
7876
7876
7877
7877
7879
7879
7883
7883
7887
7903
7910
7914
7915
7916
7920
7926
7930
7932
7943
7950
7950
7951
7952
7955
7958
7959
7960
7965
7965
7971
7978
7978
7981
7986
7996
8006
8007
8008
8010
8010
8011
8013
8015
8016
8020
8021
8032
8036
8036
8038
8044
8044
8046
8050
8053
8057
8066
8067
8067
8067
8070
8070
8071
8072
8076
8081
8081
8083
8084
8088
8090
8097
8100
8101
8101
8109
8111
8113
8115
8117
8117
8118
8119
8128
8128
8128
8134
8138
8142
8143
8145
8149
8155
8156
8161
8164
8164
8164
8173
8174
8177
8182
8183
8184
8188
8190
8192
8194
8200
8205
8205
8209
8209
8211
8212
8217
8218
8224
8227
8232
8232
8239
8242
8244
8244
8257
8268
8269
8270
8271
8271
8274
8276
8277
8284
8293
8294
8300
8306
8309
8310
8313
8316
8319
8322
8331
8333
8336
8345
8349
8352
8364
8367
8368
8381
8383
8383
8389
8391
8396
8406
8420
8424
8430
8432
8434
8435
8438
8443
8446
8451
8452
8455
8457
8460
8461
8463
8464
8468
8472
8473
8477
8479
8484
8485
8488
8489
8490
8490
8498
8507
8515
8516
8516
8516
8518
8527
8541
8543
8543
8548
8551
8553
8553
8558
8559
8559
8565
8566
8566
8573
8575
8581
8584
8585
8586
8591
8593
8593
8597
8599
8604
8604
8608
8611
8613
8615
8617
8619
8621
8633
8640
8648
8649
8649
8666
8677
8679
8683
8683
8687
8689
8689
8689
8692
8693
8697
8698
8699
8699
8702
8703
8706
8711
8711
8712
8719
8720
8723
8724
8729
8732
8735
8736
8739
8742
8745
8748
8748
8751
8751
8751
8752
8754
8755
8761
8762
8772
8773
8779
8781
8787
8793
8795
8795
8799
8804
8809
8810
8812
8818
8822
8823
8824
8826
8831
8832
8834
8840
8849
8850
8855
8856
8859
8862
8865
8866
8868
8873
8877
8882
8902
8905
8920
8920
8920
8925
8925
8927
8928
8930
8933
8934
8938
8944
8945
8946
8950
8951
8951
8954
8954
8955
8957
8957
8957
8958
8959
8963
8964
8966
8967
8973
8974
8974
8981
8984
8986
8987
8990
8991
8992
8996
8999
9006
9012
9013
9018
9018
9019
9019
9023
9030
9032
9033
9035
9036
9042
9045
9045
9049
9049
9051
9055
9059
9060
9061
9065
9073
9073
9081
9084
9085
9087
9093
9096
9105
9106
9106
9106
9107
9107
9113
9115
9117
9121
9123
9124
9126
9131
9131
9136
9137
9139
9142
9142
9152
9157
9158
9161
9168
9168
9169
9172
9175
9176
9177
9179
9185
9193
9193
9198
9208
9215
9217
9219
9227
9228
9228
9232
9235
9238
9242
9249
9257
9257
9257
9258
9258
9261
9265
9267
9270
9271
9273
9274
9276
9276
9284
9285
9287
9287
9288
9289
9289
9289
9290
9291
9292
9301
9313
9315
9319
9319
9328
9329
9332
9340
9345
9348
9353
9356
9368
9370
9387
9391
9395
9396
9396
9401
9404
9406
9418
9421
9426
9427
9429
9429
9432
9434
9436
9438
9438
9440
9440
9444
9446
9455
9457
9459
9462
9465
9474
9474
9476
9480
9484
9490
9492
9494
9495
9497
9499
9506
9509
9511
9512
9513
9525
9526
9534
9548
9550
9556
9565
9575
9580
9585
9587
9588
9591
9593
9595
9601
9603
9605
9606
9608
9609
9611
9620
9620
9623
9627
9627
9629
9634
9636
9637
9638
9645
9652
9652
9662
9669
9674
9674
9676
9679
9681
9692
9692
9704
9705
9705
9707
9724
9727
9728
9735
9740
9740
9740
9753
9753
9756
9757
9761
9764
9767
9768
9770
9772
9777
9780
9784
9787
9787
9796
9798
9799
9800
9803
9821
9824
9824
9825
9827
9828
9829
9834
9835
9846
9857
9859
9862
9866
9869
9870
9875
9876
9882
9884
9884
9885
9885
9885
9890
9892
9894
9895
9898
9898
9905
9905
9908
9920
9923
9924
9925
9929
9929
9931
9934
9934
9934
9941
9942
9947
9948
9962
9968
9970
9975
9975
9982
9986
9987
9991
9999
10000
10002
10005
10009
10019
10021
10026
10026
10027
10027
10027
10029
10037
10039
10044
10050
10051
10054
10055
10057
10058
10060
10062
10075
10080
10092
10093
10095
10095
10098
10103
10105
10107
10111
10114
10114
10117
10117
10121
10123
10127
10129
10131
10134
10138
10140
10141
10143
10144
10146
10148
10149
10153
10156
10161
10162
10167
10169
10172
10173
10175
10177
10179
10181
10186
10193
10194
10195
10206
10207
10208
10211
10211
10216
10218
10218
10224
10228
10230
10235
10241
10241
10249
10251
10251
10252
10256
10256
10259
10262
10262
10264
10268
10272
10272
10275
10279
10282
10283
10292
10292
10294
10296
10299
10302
10307
10317
10319
10324
10325
10325
10325
10329
10340
10341
10343
10344
10346
10349
10352
10353
10355
10356
10361
10361
10364
10367
10370
10378
10379
10380
10382
10385
10389
10395
10398
10398
10400
10400
10404
10404
10405
10410
10410
10414
10418
10425
10428
10433
10443
10456
10458
10460
10462
10464
10468
10470
10471
10475
10480
10480
10481
10488
10491
10493
10493
10503
10506
10508
10509
10513
10520
10526
10526
10529
10535
10536
10538
10543
10552
10554
10560
10561
10563
10566
10568
10571
10572
10574
10575
10579
10580
10583
10586
10586
10592
10596
10597
10599
10600
10601
10601
10602
10603
10605
10608
10617
10617
10622
10623
10623
10626
10629
10629
10631
10633
10636
10638
10639
10641
10642
10648
10655
10655
10657
10660
10661
10662
10664
10672
10679
10683
10683
10685
10693
10695
10697
10698
10699
10705
10706
10711
10713
10714
10717
10718
10725
10728
10733
10738
10741
10742
10746
10749
10752
10753
10755
10759
10761
10762
10768
10770
10770
10773
10774
10779
10780
10781
10782
10783
10783
10784
10787
10788
10789
10789
10798
10799
10800
10802
10814
10814
10815
10818
10818
10820
10826
10826
10826
10830
10833
10836
10843
10845
10848
10851
10855
10856
10856
10858
10860
10863
10865
10865
10866
10870
10872
10874
10875
10878
10880
10880
10882
10883
10885
10889
10893
10894
10895
10909
10912
10916
10917
10928
10930
10931
10931
10938
10943
10944
10952
10953
10958
10961
10966
10969
10972
10975
10975
10980
10980
10981
10981
10981
10984
10987
10990
10992
10994
11000
11007
11007
11012
11012
11012
11015
11016
11016
11018
11022
11024
11030
11035
11036
11039
11040
11041
11041
11045
11059
11060
11064
11064
11065
11067
11068
11072
11078
11078
11082
11089
11090
11091
11097
11099
11101
11105
11105
11107
11109
11112
11114
11115
11116
11118
11118
11119
11125
11128
11128
11129
11129
11132
11135
11140
11144
11148
11153
11160
11161
11162
11163
11166
11173
11175
11177
11186
11188
11190
11198
11223
11224
11228
11232
11232
11232
11242
11244
11246
11255
11256
11261
11266
11272
11276
11278
11279
11279
11283
11297
11299
11299
11300
11301
11303
11307
11311
11314
11314
11315
11321
11321
11321
11323
11328
11328
11330
11334
11340
11340
11342
11349
11356
11361
11364
11364
11365
11366
11366
11369
11370
11376
11380
11381
11382
11386
11388
11393
11395
11399
11401
11403
11410
11410
11414
11416
11419
11421
11421
11421
11423
11423
11424
11426
11434
11434
11437
11439
11439
11443
11444
11444
11445
11449
11449
11450
11453
11456
11457
11459
11459
11460
11463
11463
11467
11468
11469
11483
11504
11509
11509
11509
11510
11512
11518
11519
11529
11539
11542
11543
11543
11544
11552
11553
11553
11554
11555
11559
11568
11571
11577
11577
11583
11584
11587
11601
11602
11609
11609
11616
11622
11624
11626
11629
11630
11633
11635
11637
11643
11653
11655
11656
11666
11668
11672
11683
11684
11686
11691
11698
11706
11711
11715
11717
11721
11729
11732
11732
11741
11742
11750
11750
11752
11754
11755
11756
11759
11766
11770
11779
11783
11783
11785
11788
11789
11790
11796
11798
11798
11800
11808
11808
11810
11813
11813
11816
11817
11825
11834
11834
11839
11845
11847
11850
11855
11856
11857
11859
11859
11860
11864
11867
11873
11875
11875
11882
11884
11884
11887
11891
11898
11901
11905
11912
11925
11927
11933
11936
11938
11939
11942
11944
11954
11954
11959
11960
11960
11964
11967
11980
11981
11994
11995
11998
12002
12005
12008
12011
12015
12018
12018
12020
12021
12024
12031
12031
12038
12042
12044
12045
12045
12046
12048
12049
12053
12058
12073
12074
12074
12078
12086
12095
12095
12097
12098
12098
12099
12100
12103
12113
12116
12116
12122
12124
12125
12128
12130
12131
12134
12134
12136
12137
12153
12159
12163
12169
12172
12175
12178
12179
12183
12184
12184
12193
12195
12201
12203
12207
12216
12225
12225
12227
12228
12232
12233
12234
12234
12238
12238
12244
12247
12250
12257
12261
12261
12267
12278
12279
12280
12285
12292
12296
12299
12300
12308
12311
12314
12317
12323
12329
12338
12340
12341
12343
12344
12344
12345
12345
12346
12348
12349
12353
12355
12355
12357
12357
12360
12361
12364
12366
12369
12372
12376
12380
12384
12384
12391
12405
12406
12410
12415
12418
12439
12449
12451
12453
12454
12462
12466
12467
12470
12471
12472
12475
12477
12481
12485
12486
12492
12497
12499
12500
12501
12504
12511
12514
12515
12517
12517
12519
12521
12521
12522
12522
12522
12524
12533
12534
12538
12538
12541
12543
12551
12551
12562
12563
12566
12567
12571
12573
12573
12580
12582
12585
12588
12593
12594
12595
12601
12609
12615
12617
12618
12620
12620
12621
12627
12631
12632
12634
12635
12636
12641
12643
12648
12648
12655
12656
12657
12657
12662
12663
12668
12670
12672
12674
12675
12680
12682
12706
12708
12709
12717
12717
12719
12719
12719
12722
12723
12725
12728
12730
12733
12733
12739
12748
12749
12752
12752
12753
12755
12764
12765
12768
12768
12772
12780
12781
12783
12784
12790
12792
12792
12796
12800
12807
12807
12812
12813
12817
12827
12836
12838
12840
12850
12853
12870
12870
12873
12874
12877
12878
12879
12879
12885
12889
12894
12896
12898
12900
12905
12907
12909
12910
12912
12928
12930
12937
12938
12941
12941
12942
12945
12946
12950
12954
12955
12957
12957
12965
12966
12970
12972
12976
12976
12978
12988
12991
12992
12993
12994
12994
13001
13004
13006
13008
13009
13009
13010
13010
13011
13016
13016
13023
13027
13029
13031
13036
13037
13041
13043
13044
13044
13049
13049
13051
13052
13061
13067
13071
13072
13073
13077
13078
13081
13085
13085
13090
13091
13106
13109
13112
13115
13120
13122
13122
13124
13126
13128
13130
13136
13141
13144
13150
13151
13159
13160
13161
13167
13167
13169
13179
13182
13188
13189
13192
13199
13200
13203
13203
13206
13211
13215
13219
13221
13225
13227
13244
13245
13254
13261
13263
13268
13270
13272
13272
13273
13277
13278
13279
13279
13281
13283
13285
13294
13294
13294
13297
13303
13305
13309
13313
13319
13324
13325
13325
13326
13326
13332
13338
13339
13343
13348
13352
13359
13359
13362
13364
13367
13367
13378
13383
13392
13392
13403
13407
13408
13411
13418
13420
13421
13421
13426
13431
13433
13437
13437
13437
13440
13447
13448
13454
13458
13467
13467
13474
13478
13481
13490
13493
13498
13502
13506
13511
13517
13519
13520
13525
13526
13528
13532
13534
13535
13541
13544
13549
13558
13560
13560
13564
13567
13569
13573
13575
13575
13577
13579
13583
13584
13584
13591
13591
13593
13594
13599
13600
13602
13607
13609
13613
13615
13625
13628
13633
13634
13637
13640
13640
13641
13641
13647
13660
13671
13673
13675
13679
13683
13688
13689
13691
13698
13703
13707
13707
13714
13715
13720
13722
13728
13731
13732
13736
13738
13739
13742
13747
13748
13748
13751
13753
13758
13759
13770
13778
13781
13803
13815
13817
13821
13823
13824
13834
13835
13836
13839
13839
13840
13843
13843
13849
13854
13864
13865
13868
13870
13876
13890
13894
13896
13899
13903
13904
13906
13911
13911
13916
13920
13921
13921
13922
13923
13923
13924
13928
13934
13934
13936
13938
13943
13943
13951
13962
13963
13965
13967
13971
13971
13973
13974
13975
13984
13988
14001
14006
14007
14009
14011
14016
14022
14022
14026
14027
14034
14039
14039
14040
14043
14046
14049
14050
14057
14065
14074
14074
14076
14077
14079
14087
14087
14088
14090
14093
14095
14095
14104
14106
14111
14112
14114
14129
14130
14131
14132
14135
14136
14137
14138
14139
14147
14154
14157
14158
14158
14162
14167
14172
14173
14175
14176
14181
14203
14203
14208
14211
14211
14211
14224
14229
14246
14252
14255
14263
14268
14280
14285
14287
14287
14292
14294
14302
14304
14304
14307
14308
14311
14312
14318
14329
14334
14339
14343
14343
14350
14357
14360
14364
14368
14370
14372
14377
14378
14378
14380
14383
14386
14386
14386
14388
14389
14392
14393
14394
14395
14403
14403
14404
14408
14410
14410
14413
14416
14419
14420
14421
14426
14431
14442
14445
14451
14455
14455
14457
14457
14458
14461
14464
14464
14465
14470
14471
14473
14479
14480
14481
14484
14486
14489
14493
14498
14500
14509
14513
14515
14516
14519
14519
14533
14534
14555
14559
14561
14562
14564
14566
14572
14573
14573
14575
14575
14575
14577
14585
14590
14593
14594
14595
14607
14609
14612
14616
14616
14619
14620
14622
14626
14630
14634
14637
14638
14642
14646
14647
14651
14652
14655
14657
14660
14661
14665
14671
14679
14681
14687
14688
14690
14695
14696
14702
14704
14716
14719
14735
14737
14738
14738
14744
14748
14756
14757
14758
14759
14762
14763
14769
14770
14777
14779
14784
14789
14799
14801
14801
14804
14805
14805
14805
14810
14812
14815
14818
14825
14827
14828
14841
14842
14842
14842
14843
14844
14844
14845
14856
14856
14859
14859
14861
14866
14868
14875
14876
14879
14880
14880
14886
14886
14887
14892
14894
14895
14897
14899
14901
14913
14935
14936
14943
14945
14950
14951
14952
14953
14959
14959
14964
14965
14965
14967
14969
14976
14984
14985
14987
14988
14991
14993
14994
14995
14995
14998
15004
15007
15012
15014
15015
15017
15025
15026
15026
15026
15035
15038
15044
15044
15044
15046
15050
15054
15055
15056
15056
15062
15064
15070
15073
15086
15087
15091
15092
15093
15103
15104
15104
15108
15112
15112
15113
15116
15117
15120
15122
15126
15128
15129
15131
15132
15137
15139
15143
15148
15149
15149
15153
15162
15173
15175
15190
15191
15192
15196
15199
15204
15205
15207
15208
15209
15213
15214
15215
15224
15227
15227
15229
15233
15234
15234
15235
15236
15242
15242
15245
15250
15250
15253
15253
15255
15255
15265
15269
15273
15280
15285
15285
15287
15288
15297
15298
15300
15300
15302
15306
15312
15313
15316
15317
15320
15320
15323
15327
15329
15331
15331
15332
15333
15335
15337
15341
15343
15349
15359
15359
15361
15364
15368
15376
15377
15379
15381
15382
15386
15395
15398
15401
15403
15404
15411
15423
15426
15427
15438
15442
15448
15450
15455
15460
15468
15468
15469
15472
15473
15484
15486
15487
15488
15498
15501
15506
15508
15516
15519
15523
15530
15535
15539
15540
15542
15543
15547
15549
15551
15552
15560
15561
15565
15565
15571
15572
15576
15579
15584
15584
15584
15586
15589
15590
15593
15594
15600
15604
15611
15615
15618
15620
15620
15622
15622
15626
15631
15631
15638
15639
15639
15640
15642
15651
15653
15657
15658
15662
15664
15666
15670
15677
15678
15681
15682
15682
15683
15683
15687
15691
15691
15696
15702
15704
15705
15708
15710
15714
15725
15729
15732
15736
15736
15738
15738
15741
15742
15743
15746
15747
15754
15757
15761
15763
15773
15776
15776
15778
15786
15787
15789
15793
15794
15796
15797
15803
15803
15804
15805
15808
15809
15813
15819
15821
15826
15827
15828
15829
15829
15830
15832
15832
15834
15839
15842
15845
15846
15856
15858
15860
15862
15863
15874
15875
15887
15892
15896
15899
15900
15903
15904
15911
15911
15911
15921
15923
15926
15932
15934
15937
15940
15941
15943
15945
15950
15950
15966
15967
15973
15976
15977
15978
15982
15988
15993
15993
15995
15997
16003
16008
16019
16020
16021
16022
16023
16027
16028
16029
16036
16039
16047
16047
16058
16058
16066
16070
16074
16074
16078
16080
16087
16091
16095
16097
16101
16105
16108
16109
16109
16114
16117
16124
16125
16128
16130
16131
16137
16137
16139
16147
16149
16151
16154
16160
16162
16162
16162
16166
16167
16170
16170
16173
16173
16178
16181
16181
16188
16188
16194
16198
16200
16200
16201
16205
16206
16206
16207
16210
16211
16217
16223
16228
16240
16244
16246
16247
16251
16262
16268
16269
16273
16275
16279
16281
16285
16287
16288
16289
16291
16291
16293
16298
16300
16303
16310
16318
16320
16321
16321
16323
16324
16325
16327
16333
16333
16336
16337
16341
16342
16342
16353
16360
16363
16365
16367
16368
16370
16373
16373
16376
16379
16379
16387
16387
16387
16388
16391
16391
16392
16397
16402
16403
16404
16408
16409
16413
16416
16416
16423
16428
16435
16436
16437
16438
16439
16439
16449
16451
16458
16458
16459
16459
16460
16462
16467
16470
16472
16477
16481
16483
16484
16489
16489
16494
16495
16495
16497
16498
16504
16507
16517
16519
16525
16529
16530
16533
16536
16538
16542
16543
16546
16551
16552
16557
16559
16559
16560
16564
16566
16570
16573
16575
16575
16579
16584
16590
16593
16598
16598
16598
16600
16602
16604
16606
16607
16609
16610
16615
16617
16618
16621
16629
16633
16636
16637
16639
16640
16644
16648
16655
16657
16661
16662
16664
16669
16670
16673
16675
16682
16684
16695
16698
16701
16702
16709
16709
16711
16711
16714
16716
16720
16722
16723
16723
16724
16729
16729
16732
16740
16742
16743
16749
16750
16753
16755
16758
16764
16767
16768
16769
16769
16791
16795
16798
16806
16808
16809
16815
16815
16819
16822
16823
16826
16827
16833
16838
16838
16840
16844
16850
16858
16861
16861
16863
16864
16873
16878
16880
16880
16884
16885
16886
16888
16889
16890
16891
16892
16904
16906
16906
16907
16908
16911
16915
16919
16920
16921
16925
16926
16931
16932
16932
16935
16937
16937
16943
16946
16946
16949
16950
16950
16960
16960
16961
16969
16972
16977
16982
16988
16989
16993
16995
17006
17008
17009
17010
17011
17015
17015
17019
17021
17022
17026
17029
17029
17030
17030
17035
17037
17038
17039
17043
17043
17045
17046
17047
17048
17049
17051
17052
17059
17060
17061
17068
17069
17072
17074
17081
17084
17087
17091
17097
17097
17108
17112
17113
17113
17121
17131
17131
17132
17133
17134
17136
17139
17141
17151
17152
17155
17158
17162
17166
17166
17168
17168
17170
17171
17185
17187
17192
17193
17194
17196
17198
17202
17204
17205
17208
17213
17215
17215
17215
17218
17228
17236
17245
17250
17250
17252
17256
17257
17259
17260
17265
17265
17269
17275
17277
17285
17288
17293
17295
17296
17302
17305
17311
17313
17318
17326
17328
17334
17336
17342
17350
17364
17364
17371
17373
17382
17383
17387
17398
17406
17410
17411
17414
17416
17421
17422
17422
17429
17439
17439
17447
17450
17457
17462
17464
17467
17468
17471
17471
17471
17471
17478
17479
17481
17481
17487
17488
17489
17491
17498
17500
17503
17507
17508
17510
17511
17514
17517
17517
17521
17524
17528
17531
17538
17545
17547
17547
17551
17552
17553
17554
17557
17573
17573
17576
17577
17578
17582
17582
17584
17584
17590
17591
17593
17595
17597
17602
17608
17614
17615
17616
17625
17627
17629
17629
17634
17637
17646
17648
17652
17652
17656
17657
17658
17659
17661
17667
17676
17679
17683
17686
17688
17692
17698
17701
17703
17703
17703
17704
17709
17713
17714
17715
17728
17730
17731
17732
17733
17734
17735
17735
17736
17737
17737
17738
17748
17751
17763
17767
17772
17775
17785
17787
17787
17787
17788
17792
17794
17798
17805
17806
17807
17808
17812
17825
17833
17836
17842
17846
17850
17860
17865
17865
17872
17873
17875
17880
17880
17882
17885
17891
17891
17899
17902
17909
17909
17910
17913
17914
17943
17943
17946
17948
17951
17952
17953
17955
17964
17969
17970
17974
17978
17981
17987
17996
17997
18002
18003
18006
18013
18021
18024
18024
18026
18030
18036
18041
18063
18063
18070
18071
18077
18081
18084
18088
18098
18098
18101
18104
18104
18107
18110
18111
18117
18122
18124
18125
18125
18131
18144
18149
18153
18153
18154
18156
18160
18160
18164
18166
18173
18175
18185
18186
18197
18198
18199
18203
18213
18219
18220
18222
18226
18230
18233
18237
18247
18255
18255
18258
18259
18260
18261
18263
18265
18271
18271
18272
18279
18280
18281
18283
18287
18291
18295
18296
18303
18309
18310
18312
18314
18318
18318
18321
18330
18332
18333
18333
18334
18336
18339
18342
18343
18345
18346
18347
18353
18356
18363
18365
18371
18372
18374
18379
18379
18382
18384
18385
18397
18401
18402
18406
18406
18409
18410
18412
18412
18420
18423
18425
18427
18428
18432
18440
18441
18442
18443
18446
18451
18464
18470
18474
18474
18475
18476
18477
18481
18485
18488
18491
18492
18495
18498
18504
18506
18507
18520
18522
18532
18536
18541
18542
18547
18548
18551
18553
18556
18575
18578
18580
18580
18584
18585
18590
18599
18607
18615
18619
18620
18621
18624
18624
18631
18631
18633
18634
18634
18637
18641
18642
18644
18651
18652
18652
18656
18656
18657
18659
18665
18670
18678
18688
18690
18692
18702
18703
18707
18720
18724
18732
18736
18739
18740
18743
18744
18746
18763
18763
18767
18775
18775
18781
18786
18787
18798
18806
18807
18811
18814
18815
18816
18817
18818
18828
18831
18838
18848
18849
18850
18853
18861
18861
18863
18865
18867
18873
18881
18884
18885
18886
18887
18891
18895
18896
18896
18898
18898
18899
18902
18906
18913
18915
18915
18915
18916
18935
18939
18940
18941
18941
18943
18947
18949
18953
18953
18958
18961
18962
18972
18977
18981
18984
18985
18993
18996
19001
19003
19005
19007
19007
19007
19014
19015
19015
19017
19017
19021
19023
19024
19026
19030
19030
19032
19032
19036
19036
19036
19037
19039
19043
19049
19050
19050
19054
19055
19055
19056
19061
19062
19062
19064
19065
19067
19075
19083
19083
19087
19091
19096
19099
19100
19103
19108
19110
19119
19124
19126
19126
19133
19134
19139
19139
19144
19146
19151
19157
19159
19161
19168
19168
19173
19174
19176
19189
19194
19195
19196
19199
19202
19206
19219
19223
19225
19226
19228
19239
19240
19244
19245
19262
19263
19265
19266
19267
19268
19268
19269
19279
19284
19289
19293
19293
19295
19304
19308
19314
19315
19316
19318
19322
19325
19329
19336
19338
19348
19351
19352
19354
19356
19363
19366
19366
19367
19373
19373
19377
19386
19396
19397
19401
19404
19422
19425
19431
19432
19443
19443
19443
19445
19449
19452
19453
19453
19458
19465
19465
19466
19470
19472
19477
19480
19486
19494
19497
19501
19503
19505
19505
19506
19513
19517
19523
19530
19534
19534
19538
19541
19542
19544
19545
19548
19548
19550
19553
19559
19563
19567
19575
19575
19595
19605
19606
19628
19647
19661
19664
19667
19667
19672
19679
19682
19683
19684
19687
19692
19696
19697
19710
19714
19716
19723
19726
19727
19730
19730
19734
19737
19756
19760
19761
19763
19766
19766
19769
19776
19782
19786
19789
19791
19792
19795
19797
19815
19818
19826
19826
19829
19833
19839
19845
19847
19847
19848
19854
19855
19858
19861
19864
19875
19882
19883
19884
19885
19892
19894
19900
19905
19909
19911
19920
19922
19922
19926
19927
19934
19949
19950
19954
19957
19960
19961
19965
19972
19977
19978
19980
19984
19985
19987
19990
19995
19996
20001
20002
20003
20007
20012
20017
20018
20019
20023
20024
20028
20034
20036
20040
20042
20044
20045
20058
20059
20061
20062
20067
20068
20068
20071
20071
20072
20073
20076
20080
20081
20089
20095
20101
20110
20113
20115
20117
20117
20119
20123
20126
20128
20128
20129
20135
20138
20138
20139
20141
20142
20149
20154
20154
20155
20156
20158
20160
20163
20165
20172
20173
20177
20177
20181
20186
20188
20189
20192
20193
20195
20197
20198
20201
20205
20208
20209
20218
20225
20226
20230
20232
20234
20236
20236
20242
20245
20246
20247
20248
20254
20255
20258
20269
20269
20270
20274
20277
20277
20279
20280
20281
20283
20284
20286
20287
20296
20296
20298
20299
20301
20301
20303
20306
20306
20307
20308
20310
20311
20319
20322
20325
20326
20329
20331
20334
20347
20348
20350
20353
20364
20365
20369
20382
20382
20384
20386
20388
20397
20397
20398
20400
20410
20413
20418
20420
20421
20435
20437
20440
20453
20455
20464
20471
20471
20472
20474
20478
20479
20482
20483
20492
20494
20499
20500
20500
20503
20507
20508
20509
20512
20514
20517
20522
20523
20523
20524
20524
20524
20531
20531
20532
20532
20536
20542
20546
20546
20552
20552
20555
20556
20556
20559
20563
20571
20576
20588
20590
20590
20594
20594
20595
20604
20607
20612
20612
20613
20616
20619
20629
20633
20647
20648
20649
20649
20650
20650
20655
20656
20656
20659
20663
20673
20677
20678
20678
20682
20682
20683
20685
20686
20686
20687
20687
20693
20695
20701
20706
20709
20710
20713
20714
20718
20723
20728
20729
20729
20730
20732
20737
20741
20749
20749
20754
20755
20759
20759
20759
20760
20761
20761
20765
20766
20767
20768
20769
20769
20770
20773
20776
20780
20781
20783
20784
20786
20786
20787
20793
20795
20807
20813
20814
20819
20825
20828
20837
20837
20838
20840
20842
20842
20844
20850
20851
20852
20857
20861
20862
20863
20870
20871
20890
20906
20908
20908
20909
20909
20911
20925
20926
20926
20940
20941
20945
20947
20948
20949
20954
20956
20958
20966
20975
20976
20984
20989
20990
20990
20997
20998
20998
21002
21003
21007
21008
21014
21016
21020
21021
21022
21026
21033
21034
21041
21042
21044
21044
21052
21056
21064
21065
21065
21065
21069
21071
21075
21076
21077
21081
21084
21092
21092
21093
21100
21104
21119
21125
21127
21128
21131
21141
21142
21144
21145
21149
21152
21155
21158
21160
21162
21168
21178
21179
21182
21185
21189
21189
21191
21197
21212
21213
21217
21218
21222
21228
21228
21230
21231
21231
21232
21233
21234
21236
21237
21238
21252
21254
21258
21270
21278
21279
21280
21285
21287
21292
21293
21295
21300
21301
21305
21315
21319
21319
21319
21323
21323
21324
21330
21336
21337
21344
21351
21352
21354
21356
21357
21357
21358
21361
21364
21364
21366
21369
21374
21385
21391
21393
21398
21400
21405
21405
21409
21428
21431
21432
21437
21440
21441
21441
21442
21450
21450
21454
21455
21456
21458
21459
21467
21472
21473
21473
21475
21478
21487
21489
21498
21515
21516
21525
21527
21531
21533
21535
21537
21538
21542
21543
21544
21550
21553
21554
21555
21556
21557
21559
21559
21562
21563
21564
21566
21567
21569
21579
21581
21584
21591
21594
21595
21597
21604
21610
21613
21613
21618
21620
21623
21625
21626
21626
21626
21632
21637
21646
21656
21664
21666
21666
21667
21669
21670
21675
21682
21683
21686
21686
21690
21695
21696
21699
21703
21709
21716
21720
21720
21721
21724
21725
21729
21744
21748
21753
21757
21764
21766
21773
21774
21784
21793
21793
21795
21799
21807
21809
21810
21811
21816
21816
21820
21825
21831
21831
21832
21834
21836
21836
21839
21839
21840
21850
21859
21860
21861
21861
21863
21864
21865
21865
21866
21868
21873
21876
21879
21882
21883
21896
21899
21906
21909
21912
21916
21921
21923
21933
21943
21944
21952
21955
21957
21963
21964
21965
21972
21973
21988
22002
22007
22007
22011
22019
22021
22024
22026
22032
22044
22050
22051
22052
22055
22058
22058
22060
22061
22063
22068
22071
22073
22073
22075
22077
22081
22081
22082
22085
22087
22091
22099
22100
22101
22104
22105
22111
22114
22116
22116
22122
22128
22131
22141
22146
22147
22152
22159
22168
22171
22172
22172
22173
22175
22176
22180
22192
22192
22193
22194
22194
22200
22201
22201
22202
22203
22209
22210
22210
22213
22214
22215
22215
22216
22217
22217
22220
22221
22223
22225
22226
22227
22229
22231
22233
22234
22235
22236
22236
22240
22250
22253
22260
22261
22262
22263
22268
22273
22283
22289
22290
22294
22296
22297
22298
22301
22305
22309
22313
22318
22319
22322
22323
22323
22328
22330
22331
22332
22334
22339
22342
22342
22346
22360
22360
22361
22361
22369
22369
22370
22370
22371
22373
22375
22375
22377
22379
22382
22383
22386
22397
22397
22397
22402
22402
22403
22419
22421
22421
22422
22425
22428
22433
22435
22442
22444
22445
22447
22456
22457
22460
22461
22462
22468
22472
22478
22478
22479
22480
22481
22485
22487
22488
22493
22496
22497
22502
22503
22504
22507
22507
22511
22512
22518
22518
22521
22521
22523
22524
22527
22530
22533
22536
22536
22539
22541
22542
22547
22551
22551
22552
22553
22554
22554
22560
22563
22565
22567
22571
22572
22572
22577
22585
22585
22591
22591
22596
22598
22603
22610
22610
22610
22612
22614
22616
22622
22626
22626
22649
22655
22657
22658
22658
22658
22661
22662
22663
22666
22669
22673
22681
22682
22684
22687
22688
22693
22707
22712
22714
22724
22724
22726
22727
22729
22733
22735
22740
22751
22752
22754
22757
22762
22763
22763
22765
22767
22769
22770
22777
22784
22787
22790
22792
22794
22795
22799
22802
22809
22809
22820
22820
22821
22825
22841
22842
22846
22847
22848
22857
22865
22865
22865
22877
22877
22878
22879
22881
22886
22890
22891
22895
22897
22905
22908
22912
22919
22919
22919
22921
22925
22925
22928
22930
22938
22941
22944
22948
22953
22957
22974
22975
22978
22979
22981
22983
22997
22998
22999
23012
23019
23019
23027
23037
23040
23048
23053
23053
23054
23054
23055
23065
23065
23068
23071
23071
23074
23074
23075
23075
23077
23078
23078
23078
23082
23086
23088
23089
23091
23092
23096
23097
23099
23100
23100
23104
23105
23112
23114
23116
23116
23122
23122
23122
23129
23130
23143
23145
23146
23149
23152
23161
23170
23170
23173
23173
23174
23192
23192
23196
23199
23199
23204
23210
23211
23216
23220
23228
23229
23230
23236
23236
23240
23246
23253
23264
23271
23278
23280
23280
23282
23283
23295
23298
23302
23305
23309
23312
23313
23315
23317
23320
23329
23334
23343
23344
23344
23349
23350
23350
23354
23357
23364
23365
23366
23367
23367
23370
23372
23377
23377
23382
23384
23385
23387
23388
23394
23396
23398
23399
23400
23402
23404
23408
23409
23416
23419
23420
23421
23423
23426
23431
23433
23433
23434
23438
23439
23440
23440
23441
23443
23450
23450
23451
23455
23466
23467
23472
23474
23475
23480
23495
23499
23503
23508
23514
23515
23515
23516
23517
23519
23519
23520
23522
23526
23533
23533
23533
23533
23538
23540
23547
23547
23550
23552
23554
23555
23561
23563
23563
23569
23570
23574
23574
23575
23576
23576
23583
23586
23586
23588
23589
23589
23590
23601
23606
23607
23614
23614
23616
23618
23618
23628
23630
23640
23646
23654
23657
23660
23661
23663
23664
23664
23664
23665
23671
23677
23680
23680
23682
23683
23692
23697
23699
23707
23709
23711
23716
23717
23721
23723
23730
23731
23733
23734
23735
23737
23743
23747
23750
23751
23751
23751
23752
23760
23764
23768
23769
23772
23775
23775
23778
23783
23784
23786
23787
23787
23794
23797
23799
23800
23802
23803
23808
23808
23815
23820
23822
23824
23845
23849
23852
23853
23865
23871
23875
23879
23880
23884
23888
23889
23891
23895
23909
23911
23914
23915
23918
23919
23925
23933
23935
23936
23936
23941
23953
23954
23958
23958
23967
23967
23969
23978
23979
23981
23982
23986
23986
23990
23992
23996
23998
24010
24018
24027
24027
24030
24032
24046
24047
24049
24050
24056
24061
24064
24070
24071
24073
24074
24075
24075
24079
24079
24080
24085
24088
24093
24093
24094
24095
24097
24099
24100
24103
24114
24116
24124
24126
24138
24139
24139
24141
24143
24145
24153
24165
24168
24171
24177
24178
24182
24185
24186
24188
24202
24203
24205
24206
24211
24227
24230
24230
24238
24241
24243
24245
24252
24255
24267
24268
24268
24270
24271
24274
24286
24287
24291
24297
24299
24300
24301
24301
24301
24305
24305
24314
24318
24320
24324
24324
24328
24333
24345
24354
24360
24360
24361
24366
24367
24369
24373
24380
24383
24385
24388
24392
24395
24399
24399
24411
24423
24423
24424
24425
24429
24431
24431
24431
24433
24434
24441
24443
24445
24448
24452
24457
24457
24461
24468
24468
24469
24472
24473
24480
24481
24482
24485
24488
24489
24489
24491
24495
24497
24503
24509
24515
24526
24529
24530
24530
24535
24535
24537
24540
24541
24541
24542
24542
24544
24552
24553
24554
24554
24557
24557
24562
24563
24563
24564
24565
24566
24567
24567
24575
24578
24582
24583
24587
24590
24595
24602
24603
24612
24615
24616
24617
24642
24642
24647
24647
24647
24648
24649
24649
24649
24650
24652
24659
24659
24660
24660
24662
24664
24664
24669
24672
24672
24673
24676
24680
24689
24690
24690
24691
24695
24696
24697
24703
24707
24713
24713
24715
24717
24718
24723
24729
24736
24736
24737
24741
24742
24751
24757
24759
24760
24765
24768
24770
24771
24775
24782
24784
24785
24799
24808
24809
24809
24810
24813
24818
24826
24828
24832
24833
24835
24836
24838
24839
24845
24847
24852
24853
24853
24857
24860
24863
24865
24867
24870
24877
24880
24880
24884
24887
24888
24891
24898
24900
24900
24900
24902
24908
24911
24912
24915
24916
24918
24919
24921
24921
24928
24929
24932
24944
24944
24945
24946
24955
24955
24956
24956
24958
24961
24961
24963
24963
24968
24973
24977
24982
24982
24983
24983
24988
24990
24993
24997
24998
25000
25005
25011
25015
25021
25021
25029
25031
25036
25037
25049
25054
25054
25054
25056
25058
25059
25059
25059
25061
25063
25065
25066
25069
25070
25072
25075
25082
25085
25088
25096
25096
25097
25097
25101
25103
25106
25107
25109
25110
25110
25111
25112
25113
25115
25123
25124
25130
25135
25135
25141
25144
25144
25150
25152
25152
25153
25158
25177
25178
25185
25185
25186
25186
25189
25195
25199
25206
25209
25213
25216
25224
25225
25225
25225
25228
25235
25237
25237
25242
25242
25246
25249
25253
25264
25274
25274
25276
25278
25278
25279
25281
25281
25289
25291
25291
25299
25302
25305
25308
25309
25311
25312
25313
25314
25316
25319
25321
25323
25325
25326
25326
25332
25333
25333
25334
25338
25340
25359
25364
25366
25376
25376
25379
25380
25383
25384
25385
25390
25396
25398
25404
25406
25411
25411
25412
25412
25413
25414
25422
25423
25425
25425
25429
25433
25436
25436
25437
25437
25440
25454
25460
25471
25481
25481
25485
25486
25491
25493
25495
25501
25502
25508
25517
25517
25520
25523
25525
25526
25533
25539
25540
25553
25556
25559
25561
25568
25569
25578
25584
25585
25586
25590
25593
25599
25600
25602
25612
25615
25619
25620
25625
25626
25638
25646
25654
25658
25658
25665
25668
25669
25671
25683
25687
25689
25698
25699
25700
25712
25715
25716
25718
25721
25722
25729
25730
25734
25736
25738
25742
25748
25751
25754
25758
25761
25764
25767
25770
25778
25779
25793
25795
25796
25798
25799
25804
25805
25806
25811
25812
25813
25813
25815
25819
25821
25826
25827
25828
25829
25833
25834
25834
25839
25839
25840
25845
25845
25848
25848
25848
25851
25852
25852
25853
25855
25856
25864
25864
25867
25875
25881
25882
25884
25887
25895
25895
25896
25897
25898
25900
25909
25911
25919
25926
25926
25927
25927
25928
25930
25932
25933
25935
25946
25951
25959
25960
25962
25970
25975
25992
25997
26003
26005
26005
26010
26016
26023
26024
26024
26027
26037
26037
26038
26041
26041
26046
26051
26056
26057
26061
26062
26064
26068
26070
26071
26074
26076
26078
26079
26082
26099
26100
26108
26110
26110
26112
26114
26114
26115
26126
26126
26131
26137
26137
26137
26137
26138
26139
26139
26141
26146
26149
26149
26150
26153
26158
26160
26161
26163
26163
26163
26164
26168
26169
26171
26171
26180
26184
26187
26190
26190
26193
26195
26210
26215
26218
26225
26228
26230
26232
26238
26239
26239
26243
26251
26254
26263
26266
26268
26270
26276
26278
26281
26285
26293
26294
26318
26319
26324
26325
26326
26327
26335
26337
26339
26339
26340
26345
26345
26346
26356
26357
26359
26363
26371
26374
26376
26378
26384
26386
26387
26388
26392
26394
26395
26397
26398
26398
26398
26399
26399
26408
26409
26414
26415
26424
26430
26431
26434
26442
26445
26447
26448
26450
26452
26455
26456
26456
26459
26464
26464
26468
26469
26470
26471
26471
26475
26479
26481
26487
26491
26498
26499
26502
26504
26507
26509
26510
26514
26518
26519
26521
26521
26537
26542
26543
26544
26549
26549
26550
26552
26552
26557
26562
26562
26564
26565
26569
26573
26574
26580
26582
26582
26585
26593
26594
26595
26605
26607
26609
26610
26611
26612
26612
26620
26621
26622
26632
26635
26642
26653
26658
26667
26670
26672
26673
26674
26675
26675
26680
26682
26685
26685
26685
26687
26695
26699
26700
26700
26703
26709
26710
26722
26723
26728
26730
26733
26735
26740
26746
26747
26747
26749
26749
26749
26753
26754
26759
26760
26763
26766
26771
26777
26781
26784
26786
26794
26798
26800
26806
26818
26822
26823
26826
26826
26827
26829
26831
26839
26844
26852
26859
26860
26865
26866
26867
26872
26875
26879
26881
26881
26882
26885
26887
26887
26889
26891
26894
26896
26897
26905
26911
26916
26922
26924
26929
26931
26934
26936
26937
26937
26943
26943
26945
26946
26946
26963
26964
26965
26971
26972
26973
26975
26977
26981
26982
26982
26982
26983
26985
26989
26996
26997
27000
27007
27007
27011
27013
27017
27021
27027
27027
27043
27044
27048
27050
27050
27051
27052
27054
27057
27059
27066
27070
27078
27078
27081
27085
27085
27088
27089
27097
27103
27116
27119
27121
27125
27125
27127
27129
27130
27130
27137
27138
27139
27151
27152
27156
27156
27159
27160
27161
27161
27163
27169
27172
27177
27181
27183
27183
27199
27204
27213
27214
27214
27215
27215
27216
27218
27228
27233
27237
27239
27239
27247
27249
27252
27252
27253
27253
27256
27259
27259
27261
27262
27270
27272
27273
27273
27278
27282
27284
27284
27285
27286
27289
27293
27296
27297
27302
27303
27311
27315
27320
27326
27330
27333
27333
27334
27339
27342
27347
27348
27353
27367
27368
27372
27373
27376
27379
27381
27381
27383
27384
27385
27387
27388
27390
27392
27398
27398
27401
27405
27406
27407
27412
27413
27415
27416
27420
27422
27430
27435
27435
27436
27437
27441
27446
27446
27452
27453
27458
27458
27466
27470
27471
27475
27475
27477
27482
27484
27488
27489
27492
27497
27499
27501
27506
27506
27507
27509
27514
27520
27523
27531
27533
27540
27547
27548
27552
27553
27554
27568
27569
27575
27576
27577
27588
27594
27598
27602
27607
27607
27608
27610
27614
27616
27620
27622
27623
27633
27639
27640
27649
27650
27654
27654
27656
27656
27658
27658
27661
27664
27667
27676
27686
27690
27697
27701
27702
27704
27709
27709
27711
27714
27717
27723
27735
27741
27744
27746
27748
27748
27751
27754
27758
27758
27761
27762
27763
27768
27768
27775
27778
27779
27783
27786
27791
27798
27802
27805
27806
27811
27812
27815
27816
27819
27821
27822
27831
27834
27838
27842
27842
27842
27843
27857
27860
27864
27865
27866
27868
27871
27871
27873
27874
27877
27877
27881
27888
27891
27908
27909
27909
27913
27923
27923
27927
27927
27928
27929
27936
27938
27938
27945
27946
27961
27976
27980
27981
27983
27983
27984
27985
27987
27993
27995
27997
27997
28000
28007
28015
28015
28015
28026
28029
28037
28038
28040
28041
28043
28043
28046
28047
28055
28056
28061
28062
28063
28063
28074
28075
28080
28083
28087
28090
28090
28093
28094
28099
28102
28104
28105
28110
28111
28114
28131
28135
28141
28145
28146
28149
28150
28155
28155
28159
28159
28162
28165
28168
28170
28171
28177
28181
28182
28183
28186
28188
28193
28197
28202
28205
28211
28211
28215
28222
28232
28237
28240
28242
28243
28247
28247
28249
28276
28276
28284
28286
28290
28291
28291
28291
28294
28297
28298
28300
28305
28313
28316
28321
28324
28327
28330
28338
28338
28340
28342
28342
28345
28352
28354
28356
28359
28367
28368
28369
28370
28371
28378
28379
28383
28386
28398
28398
28403
28403
28405
28411
28415
28416
28417
28419
28419
28426
28427
28428
28430
28434
28437
28443
28446
28446
28450
28450
28451
28451
28454
28458
28460
28469
28473
28474
28474
28477
28479
28480
28484
28489
28491
28493
28500
28501
28504
28512
28513
28514
28522
28524
28524
28531
28545
28548
28549
28549
28551
28554
28555
28561
28562
28566
28568
28572
28576
28580
28580
28585
28587
28587
28588
28590
28590
28593
28598
28602
28603
28604
28607
28615
28618
28620
28621
28624
28625
28634
28641
28642
28648
28650
28651
28653
28655
28662
28679
28680
28681
28681
28683
28694
28697
28699
28701
28706
28707
28707
28715
28722
28722
28728
28730
28731
28734
28735
28737
28737
28741
28746
28754
28758
28759
28760
28761
28762
28764
28771
28771
28773
28776
28777
28780
28783
28786
28797
28798
28800
28800
28800
28801
28816
28817
28817
28818
28820
28822
28822
28831
28833
28834
28836
28838
28839
28839
28839
28840
28844
28844
28850
28857
28859
28862
28865
28867
28867
28873
28874
28874
28875
28876
28880
28884
28885
28886
28888
28895
28906
28910
28910
28915
28919
28923
28924
28931
28933
28945
28946
28949
28950
28953
28955
28956
28959
28965
28969
28970
28975
28981
28982
28992
29004
29004
29014
29015
29018
29019
29020
29025
29025
29030
29030
29035
29039
29040
29045
29045
29054
29054
29055
29057
29063
29064
29066
29072
29074
29077
29080
29082
29093
29095
29095
29097
29098
29099
29102
29106
29106
29113
29121
29123
29124
29125
29127
29134
29134
29138
29141
29141
29141
29144
29145
29146
29148
29149
29152
29153
29158
29159
29162
29163
29166
29169
29169
29171
29172
29173
29175
29179
29179
29180
29181
29184
29186
29190
29192
29193
29195
29198
29204
29224
29230
29231
29235
29239
29246
29255
29262
29264
29268
29273
29279
29280
29282
29284
29286
29287
29291
29294
29295
29296
29300
29300
29304
29308
29312
29316
29321
29323
29325
29336
29337
29343
29350
29356
29357
29362
29364
29367
29369
29372
29376
29377
29379
29379
29381
29384
29386
29387
29392
29393
29396
29398
29402
29415
29417
29419
29426
29426
29439
29439
29442
29445
29451
29455
29455
29457
29457
29459
29459
29463
29464
29465
29476
29476
29483
29486
29487
29491
29493
29494
29504
29511
29520
29526
29527
29530
29532
29532
29534
29540
29542
29543
29545
29553
29562
29564
29566
29576
29580
29582
29588
29589
29590
29590
29595
29595
29596
29603
29608
29611
29616
29617
29619
29622
29623
29624
29635
29643
29644
29647
29652
29658
29659
29659
29661
29668
29673
29678
29686
29693
29693
29700
29704
29717
29719
29733
29736
29739
29743
29746
29748
29749
29750
29756
29757
29763
29764
29765
29770
29772
29774
29788
29789
29795
29798
29801
29809
29810
29811
29828
29833
29834
29835
29835
29839
29843
29847
29848
29852
29853
29855
29855
29858
29861
29861
29865
29865
29870
29870
29874
29876
29882
29886
29896
29896
29900
29904
29905
29906
29910
29911
29918
29919
29920
29929
29933
29935
29937
29941
29942
29944
29948
29951
29955
29958
29966
29970
29971
29973
29976
29989
29990
29993
29999
30005
30006
30008
30014
30019
30023
30027
30027
30031
30036
30039
30039
30040
30044
30046
30047
30049
30049
30049
30051
30053
30055
30055
30057
30060
30060
30061
30062
30065
30065
30068
30071
30080
30082
30084
30094
30095
30097
30098
30102
30103
30104
30105
30106
30110
30111
30111
30113
30116
30128
30129
30132
30134
30138
30138
30144
30154
30155
30157
30159
30163
30166
30170
30171
30172
30172
30181
30182
30184
30185
30187
30194
30198
30198
30199
30208
30209
30210
30216
30217
30220
30225
30232
30232
30234
30236
30238
30239
30240
30243
30245
30257
30258
30258
30260
30269
30270
30273
30277
30282
30283
30287
30289
30294
30298
30308
30309
30309
30309
30311
30311
30313
30314
30314
30325
30339
30341
30342
30343
30346
30351
30352
30354
30354
30355
30358
30359
30365
30367
30371
30373
30373
30381
30388
30388
30390
30390
30396
30402
30404
30409
30412
30412
30412
30414
30420
30432
30433
30440
30441
30445
30453
30453
30461
30461
30462
30465
30468
30469
30470
30473
30478
30485
30486
30488
30488
30491
30493
30495
30502
30519
30519
30520
30524
30530
30531
30532
30538
30541
30543
30547
30552
30554
30559
30561
30566
30567
30571
30575
30577
30578
30578
30582
30587
30587
30599
30603
30604
30613
30615
30621
30622
30632
30635
30636
30638
30639
30639
30649
30655
30658
30659
30661
30663
30665
30666
30667
30667
30674
30674
30677
30678
30681
30683
30684
30685
30685
30690
30693
30697
30699
30700
30702
30703
30712
30715
30716
30717
30721
30721
30721
30723
30723
30730
30732
30733
30735
30738
30740
30740
30744
30745
30747
30748
30753
30754
30765
30773
30773
30775
30775
30778
30787
30788
30791
30793
30802
30803
30807
30811
30812
30812
30822
30823
30829
30830
30831
30831
30838
30840
30845
30846
30853
30854
30855
30855
30860
30862
30862
30869
30872
30872
30876
30877
30879
30887
30887
30888
30888
30896
30904
30904
30904
30905
30909
30911
30921
30922
30926
30927
30928
30929
30931
30933
30939
30941
30942
30942
30943
30947
30951
30952
30953
30954
30954
30956
30957
30964
30964
30965
30966
30974
30975
30978
30983
30984
30986
30987
30987
30987
30990
30991
30993
30997
31004
31004
31006
31006
31006
31013
31015
31021
31023
31035
31040
31041
31042
31045
31048
31049
31054
31054
31056
31060
31062
31065
31065
31066
31071
31072
31073
31075
31079
31082
31085
31094
31094
31097
31098
31100
31116
31123
31128
31128
31128
31131
31132
31142
31143
31144
31145
31147
31149
31151
31156
31159
31160
31163
31163
31164
31174
31178
31178
31184
31184
31187
31188
31194
31199
31201
31204
31206
31218
31224
31224
31228
31228
31236
31241
31242
31244
31251
31252
31254
31270
31275
31276
31280
31281
31282
31285
31285
31286
31288
31292
31293
31300
31300
31300
31305
31306
31307
31313
31315
31318
31318
31325
31325
31328
31330
31331
31339
31345
31348
31351
31355
31363
31368
31371
31371
31371
31371
31371
31372
31381
31382
31383
31384
31387
31389
31390
31397
31407
31407
31415
31416
31422
31422
31439
31456
31459
31460
31460
31470
31473
31475
31476
31481
31482
31483
31485
31486
31488
31489
31492
31492
31501
31509
31511
31514
31516
31520
31527
31529
31529
31531
31533
31549
31550
31551
31554
31558
31560
31565
31569
31573
31575
31575
31576
31579
31579
31582
31583
31591
31591
31597
31602
31607
31608
31611
31614
31621
31624
31625
31628
31628
31628
31632
31633
31634
31636
31636
31641
31641
31652
31652
31655
31656
31665
31671
31674
31678
31680
31685
31688
31694
31697
31698
31699
31701
31705
31707
31708
31711
31712
31715
31716
31717
31719
31723
31729
31731
31735
31739
31739
31746
31746
31746
31749
31749
31752
31759
31760
31769
31769
31770
31771
31776
31783
31783
31790
31792
31793
31795
31797
31798
31799
31802
31806
31809
31813
31816
31818
31824
31826
31838
31846
31850
31854
31858
31859
31859
31861
31861
31864
31868
31869
31869
31869
31871
31872
31878
31878
31879
31881
31883
31884
31890
31891
31892
31895
31905
31912
31916
31917
31919
31924
31928
31928
31929
31930
31932
31936
31938
31940
31940
31944
31944
31945
31958
31962
31970
31972
31978
31982
31985
31990
31992
31998
32001
32005
32009
32012
32012
32012
32014
32019
32024
32024
32026
32029
32031
32033
32037
32038
32043
32045
32051
32052
32061
32062
32062
32065
32070
32073
32075
32078
32079
32081
32082
32085
32085
32087
32098
32104
32105
32110
32110
32113
32115
32118
32123
32125
32126
32128
32129
32137
32144
32147
32157
32177
32192
32192
32195
32201
32205
32212
32214
32221
32223
32236
32246
32246
32255
32255
32259
32261
32271
32276
32277
32278
32279
32280
32283
32288
32289
32289
32291
32293
32295
32296
32297
32304
32305
32308
32309
32313
32329
32332
32338
32339
32342
32347
32349
32351
32352
32355
32355
32355
32356
32361
32362
32362
32364
32365
32371
32371
32377
32377
32380
32385
32387
32387
32388
32391
32392
32398
32399
32400
32403
32403
32409
32411
32414
32418
32420
32421
32423
32425
32426
32431
32436
32438
32439
32444
32444
32447
32449
32461
32464
32469
32469
32472
32475
32476
32477
32479
32482
32486
32489
32490
32491
32492
32493
32498
32499
32504
32508
32512
32520
32540
32541
32546
32546
32548
32553
32556
32559
32564
32571
32571
32575
32578
32579
32583
32584
32589
32593
32599
32602
32614
32620
32620
32629
32637
32643
32643
32645
32646
32650
32651
32652
32657
32660
32662
32676
32689
32692
32692
32697
32699
32701
32702
32712
32715
32715
32721
32722
32722
32728
32730
32734
32734
32735
32738
32744
32747
32753
32754
32757
32758
32764
32767
